Parameter containing:
tensor([[0.0500, 0.9000, 0.0500],
        [0.0500, 0.9000, 0.0500],
        [0.0500, 0.9000, 0.0500],
        ...,
        [0.0000, 0.0000, 1.0000],
        [0.0000, 0.0000, 1.0000],
        [1.0000, 0.0000, 0.0000]], device='cuda:2', requires_grad=True)Parameter containing:
tensor([[ 0.0500,  0.9000,  0.0500],
        [ 0.0500,  0.9000,  0.0500],
        [ 0.0500,  0.9000,  0.0500],
        ...,
        [-0.2061,  0.5632,  0.4927],
        [ 0.0000,  0.0000,  1.0000],
        [ 1.4685,  0.2878, -0.5625]], device='cuda:2', requires_grad=True)