Parameter containing:
tensor([[0., 0., 1.],
        [1., 0., 0.],
        [1., 0., 0.],
        ...,
        [0., 0., 1.],
        [0., 0., 1.],
        [1., 0., 0.]], device='cuda:3', requires_grad=True)Parameter containing:
tensor([[-1.2056e-10,  2.1971e-10,  1.0000e+00],
        [ 1.0000e+00,  1.6028e-06,  7.9329e-07],
        [ 1.0000e+00, -2.2916e-10,  7.3113e-11],
        ...,
        [ 0.0000e+00,  0.0000e+00,  1.0000e+00],
        [ 0.0000e+00,  0.0000e+00,  1.0000e+00],
        [ 1.0000e+00, -2.1779e-10,  8.9143e-11]], device='cuda:3',
       requires_grad=True)Parameter containing:
tensor([[-9.1511e-07,  6.7240e-07,  1.0000e+00],
        [ 9.9999e-01,  3.0098e-06,  1.4898e-06],
        [ 1.0000e+00, -6.4517e-10,  2.1714e-10],
        ...,
        [-8.3766e-11,  2.2357e-10,  1.0000e+00],
        [ 0.0000e+00,  0.0000e+00,  1.0000e+00],
        [ 1.0000e+00, -4.0900e-10,  1.6741e-10]], device='cuda:3',
       requires_grad=True)Parameter containing:
tensor([[-1.7472e-06,  1.0852e-06,  1.0000e+00],
        [ 9.9999e-01,  5.2962e-06,  3.4694e-06],
        [ 1.0000e+00, -1.1719e-06, -2.0180e-06],
        ...,
        [-1.5367e-10,  4.1013e-10,  1.0000e+00],
        [ 0.0000e+00,  0.0000e+00,  1.0000e+00],
        [ 1.0000e+00, -7.7682e-10,  2.9599e-10]], device='cuda:3',
       requires_grad=True)Parameter containing:
tensor([[-2.5752e-06,  1.2953e-06,  1.0000e+00],
        [ 9.9999e-01,  6.4546e-06,  4.5053e-06],
        [ 1.0000e+00, -2.0973e-06, -3.6123e-06],
        ...,
        [-2.0888e-10,  5.5750e-10,  1.0000e+00],
        [ 0.0000e+00,  0.0000e+00,  1.0000e+00],
        [ 1.0000e+00, -1.2502e-09,  4.6138e-10]], device='cuda:3',
       requires_grad=True)Parameter containing:
tensor([[-3.2087e-06,  1.4312e-06,  1.0000e+00],
        [ 9.9998e-01,  8.7892e-06,  6.2191e-06],
        [ 1.0000e+00, -2.7841e-06, -4.7951e-06],
        ...,
        [-3.1179e-10,  8.1802e-10,  1.0000e+00],
        [-6.0051e-11,  1.2665e-10,  1.0000e+00],
        [ 1.0000e+00, -1.6015e-09,  5.8409e-10]], device='cuda:3',
       requires_grad=True)Parameter containing:
tensor([[-3.6443e-06,  1.5248e-06,  1.0000e+00],
        [ 9.9998e-01,  1.0748e-05,  7.8616e-06],
        [ 1.0000e+00, -3.4632e-06, -4.8234e-06],
        ...,
        [-4.0715e-10,  1.1095e-09,  1.0000e+00],
        [-1.2675e-11,  1.9236e-10,  1.0000e+00],
        [ 1.0000e+00, -1.9556e-09,  7.0292e-10]], device='cuda:3',
       requires_grad=True)Parameter containing:
tensor([[-3.9152e-06,  1.5830e-06,  1.0000e+00],
        [ 9.9998e-01,  1.1966e-05,  8.8831e-06],
        [ 1.0000e+00, -3.6318e-06, -5.4973e-06],
        ...,
        [-4.6645e-10,  1.2908e-09,  1.0000e+00],
        [-1.8017e-11,  3.0511e-10,  1.0000e+00],
        [ 1.0000e+00, -2.2560e-09,  8.0884e-10]], device='cuda:3',
       requires_grad=True)Parameter containing:
tensor([[-4.7470e-06,  2.0159e-06,  1.0000e+00],
        [ 9.9997e-01,  1.2620e-05,  9.4316e-06],
        [ 1.0000e+00, -3.7224e-06, -5.8591e-06],
        ...,
        [-4.9829e-10,  1.3881e-09,  1.0000e+00],
        [-2.0886e-11,  3.6564e-10,  1.0000e+00],
        [ 1.0000e+00, -2.4009e-09,  8.1773e-10]], device='cuda:3',
       requires_grad=True)Parameter containing:
tensor([[-5.0938e-06,  2.1964e-06,  1.0000e+00],
        [ 9.9997e-01,  1.2965e-05,  9.8584e-06],
        [ 1.0000e+00, -3.7602e-06, -6.0099e-06],
        ...,
        [-5.1157e-10,  1.4287e-09,  1.0000e+00],
        [-2.2082e-11,  3.9089e-10,  1.0000e+00],
        [ 1.0000e+00, -2.4614e-09,  8.2143e-10]], device='cuda:3',
       requires_grad=True)Parameter containing:
tensor([[-5.2091e-06,  2.2588e-06,  1.0000e+00],
        [ 9.9997e-01,  1.2881e-05,  1.0361e-05],
        [ 1.0000e+00, -3.8075e-06, -6.0937e-06],
        ...,
        [-5.1463e-10,  1.4380e-09,  1.0000e+00],
        [-2.5039e-11,  4.0191e-10,  1.0000e+00],
        [ 1.0000e+00, -2.4725e-09,  8.1701e-10]], device='cuda:3',
       requires_grad=True)Parameter containing:
tensor([[-5.2091e-06,  2.2588e-06,  1.0000e+00],
        [ 9.9997e-01,  1.2881e-05,  1.0361e-05],
        [ 1.0000e+00, -3.8075e-06, -6.0937e-06],
        ...,
        [-5.1463e-10,  1.4380e-09,  1.0000e+00],
        [-2.5039e-11,  4.0191e-10,  1.0000e+00],
        [ 1.0000e+00, -2.4725e-09,  8.1701e-10]], device='cuda:3',
       requires_grad=True)Parameter containing:
tensor([[-5.2948e-06,  2.3256e-06,  1.0000e+00],
        [ 9.9997e-01,  1.2827e-05,  1.0782e-05],
        [ 1.0000e+00, -3.7744e-06, -6.0677e-06],
        ...,
        [-5.1142e-10,  1.4439e-09,  1.0000e+00],
        [-2.7435e-11,  4.1084e-10,  1.0000e+00],
        [ 1.0000e+00, -2.4799e-09,  8.0830e-10]], device='cuda:3',
       requires_grad=True)Parameter containing:
tensor([[-5.6522e-06,  2.4913e-06,  1.0000e+00],
        [ 9.9997e-01,  1.2630e-05,  1.2261e-05],
        [ 1.0000e+00, -3.6582e-06, -5.9763e-06],
        ...,
        [-5.0674e-10,  1.4872e-09,  1.0000e+00],
        [-1.3802e-11,  4.3461e-10,  1.0000e+00],
        [ 1.0000e+00, -2.4970e-09,  7.5901e-10]], device='cuda:3',
       requires_grad=True)Parameter containing:
tensor([[-6.3465e-06,  2.8132e-06,  1.0000e+00],
        [ 9.9997e-01,  1.2247e-05,  1.5134e-05],
        [ 1.0000e+00, -3.6829e-06, -6.2765e-06],
        ...,
        [-5.2158e-10,  1.6169e-09,  1.0000e+00],
        [ 6.0883e-11,  4.6387e-10,  1.0000e+00],
        [ 1.0000e+00, -2.5304e-09,  6.6327e-10]], device='cuda:3',
       requires_grad=True)Parameter containing:
tensor([[-7.3715e-06,  3.3181e-06,  1.0000e+00],
        [ 9.9996e-01,  1.1303e-05,  2.1283e-05],
        [ 1.0000e+00, -3.6266e-06, -6.9002e-06],
        ...,
        [-4.7037e-10,  1.7867e-09,  1.0000e+00],
        [ 1.7356e-10,  5.0801e-10,  1.0000e+00],
        [ 1.0000e+00, -2.5526e-09,  4.3551e-10]], device='cuda:3',
       requires_grad=True)Parameter containing:
tensor([[-8.6888e-06,  4.0062e-06,  1.0000e+00],
        [ 9.9995e-01,  7.3896e-06,  3.3930e-05],
        [ 1.0000e+00, -3.5532e-06, -7.7125e-06],
        ...,
        [-4.6941e-10,  2.1236e-09,  9.9999e-01],
        [ 3.2031e-10,  5.6550e-10,  9.9999e-01],
        [ 9.9999e-01, -2.6975e-09,  1.9203e-10]], device='cuda:3',
       requires_grad=True)Parameter containing:
tensor([[-1.0241e-05,  4.8171e-06,  1.0000e+00],
        [ 9.9994e-01,  2.7415e-06,  4.8790e-05],
        [ 1.0000e+00, -5.0040e-06, -9.4444e-06],
        ...,
        [-4.6828e-10,  2.5206e-09,  9.9999e-01],
        [ 6.3641e-10,  6.0139e-10,  9.9999e-01],
        [ 9.9999e-01, -2.7790e-09, -2.5154e-10]], device='cuda:3',
       requires_grad=True)Parameter containing:
tensor([[-1.3946e-05,  6.6201e-06,  1.0000e+00],
        [ 9.9993e-01, -2.3329e-06,  6.5012e-05],
        [ 1.0000e+00, -8.4783e-06, -1.5400e-05],
        ...,
        [-2.7641e-10,  2.8926e-09,  9.9999e-01],
        [ 9.8149e-10,  6.4056e-10,  9.9999e-01],
        [ 9.9999e-01, -2.8681e-09, -7.3576e-10]], device='cuda:3',
       requires_grad=True)Parameter containing:
tensor([[-1.7745e-05,  8.4692e-06,  1.0000e+00],
        [ 9.9991e-01, -6.7251e-06,  8.3680e-05],
        [ 1.0000e+00, -1.5152e-05, -2.6030e-05],
        ...,
        [-7.9673e-11,  3.2741e-09,  9.9999e-01],
        [ 1.3353e-09,  6.8074e-10,  9.9999e-01],
        [ 9.9999e-01, -2.9594e-09, -1.2323e-09]], device='cuda:3',
       requires_grad=True)Parameter containing:
tensor([[-2.2407e-05,  1.0778e-05,  1.0000e+00],
        [ 9.9990e-01, -1.1632e-05,  1.0350e-04],
        [ 1.0000e+00, -2.1142e-05, -3.5877e-05],
        ...,
        [ 3.5529e-10,  3.5178e-09,  9.9999e-01],
        [ 1.9233e-09,  6.4001e-10,  9.9999e-01],
        [ 9.9999e-01, -3.2919e-09, -1.6538e-09]], device='cuda:3',
       requires_grad=True)Parameter containing:
tensor([[-2.6709e-05,  1.2908e-05,  1.0000e+00],
        [ 9.9988e-01, -1.5959e-05,  1.2211e-04],
        [ 1.0001e+00, -2.8778e-05, -4.7836e-05],
        ...,
        [ 6.5816e-10,  3.9941e-09,  9.9999e-01],
        [ 2.4657e-09,  6.0243e-10,  9.9999e-01],
        [ 9.9999e-01, -3.5987e-09, -2.0427e-09]], device='cuda:3',
       requires_grad=True)Parameter containing:
tensor([[-3.0486e-05,  1.4779e-05,  1.0000e+00],
        [ 9.9987e-01, -1.9248e-05,  1.3917e-04],
        [ 1.0001e+00, -3.5794e-05, -5.7390e-05],
        ...,
        [ 7.5704e-10,  4.6572e-09,  9.9999e-01],
        [ 2.9419e-09,  5.6944e-10,  9.9999e-01],
        [ 9.9999e-01, -3.8680e-09, -2.3841e-09]], device='cuda:3',
       requires_grad=True)Parameter containing:
tensor([[-3.4639e-05,  1.5680e-05,  1.0000e+00],
        [ 9.9985e-01, -2.1994e-05,  1.5341e-04],
        [ 1.0001e+00, -4.1490e-05, -6.5291e-05],
        ...,
        [ 8.3955e-10,  5.2105e-09,  9.9998e-01],
        [ 3.2430e-09,  7.6831e-10,  9.9998e-01],
        [ 9.9998e-01, -4.0928e-09, -2.6691e-09]], device='cuda:3',
       requires_grad=True)Parameter containing:
tensor([[-3.7920e-05,  1.6392e-05,  1.0000e+00],
        [ 9.9984e-01, -2.5778e-05,  1.6392e-04],
        [ 1.0001e+00, -4.5989e-05, -7.1533e-05],
        ...,
        [ 8.9820e-10,  5.6859e-09,  9.9998e-01],
        [ 3.3786e-09,  1.1247e-09,  9.9998e-01],
        [ 9.9998e-01, -4.2703e-09, -2.8941e-09]], device='cuda:3',
       requires_grad=True)Parameter containing:
tensor([[-4.0324e-05,  1.6983e-05,  1.0000e+00],
        [ 9.9984e-01, -2.8743e-05,  1.7156e-04],
        [ 1.0001e+00, -4.9315e-05, -7.6211e-05],
        ...,
        [ 1.0456e-09,  6.0088e-09,  9.9998e-01],
        [ 3.4792e-09,  1.3892e-09,  9.9998e-01],
        [ 9.9998e-01, -4.4020e-09, -3.0611e-09]], device='cuda:3',
       requires_grad=True)Parameter containing:
tensor([[-4.1887e-05,  1.7453e-05,  1.0000e+00],
        [ 9.9983e-01, -3.0620e-05,  1.7701e-04],
        [ 1.0001e+00, -5.4718e-05, -8.1423e-05],
        ...,
        [ 1.1469e-09,  6.2307e-09,  9.9998e-01],
        [ 3.6738e-09,  1.5063e-09,  9.9998e-01],
        [ 9.9998e-01, -4.4407e-09, -3.3050e-09]], device='cuda:3',
       requires_grad=True)Parameter containing:
tensor([[-4.2865e-05,  1.7742e-05,  1.0000e+00],
        [ 9.9983e-01, -3.1248e-05,  1.8103e-04],
        [ 1.0001e+00, -5.8078e-05, -8.4663e-05],
        ...,
        [ 1.1759e-09,  6.4616e-09,  9.9998e-01],
        [ 3.7949e-09,  1.5792e-09,  9.9998e-01],
        [ 9.9998e-01, -4.4154e-09, -3.5490e-09]], device='cuda:3',
       requires_grad=True)Parameter containing:
tensor([[-4.3399e-05,  1.7882e-05,  1.0000e+00],
        [ 9.9983e-01, -3.1325e-05,  1.8338e-04],
        [ 1.0001e+00, -6.0114e-05, -8.5974e-05],
        ...,
        [ 1.1718e-09,  6.6406e-09,  9.9998e-01],
        [ 3.8307e-09,  1.6728e-09,  9.9998e-01],
        [ 9.9998e-01, -4.3912e-09, -3.7328e-09]], device='cuda:3',
       requires_grad=True)Parameter containing:
tensor([[-4.3842e-05,  1.8006e-05,  1.0000e+00],
        [ 9.9983e-01, -3.1248e-05,  1.8442e-04],
        [ 1.0001e+00, -6.0934e-05, -8.6594e-05],
        ...,
        [ 1.1573e-09,  6.7371e-09,  9.9998e-01],
        [ 3.8321e-09,  1.7376e-09,  9.9998e-01],
        [ 9.9998e-01, -4.4073e-09, -3.8045e-09]], device='cuda:3',
       requires_grad=True)Parameter containing:
tensor([[-4.4015e-05,  1.8071e-05,  1.0000e+00],
        [ 9.9983e-01, -3.1240e-05,  1.8465e-04],
        [ 1.0001e+00, -6.1193e-05, -8.6772e-05],
        ...,
        [ 1.1540e-09,  6.7594e-09,  9.9998e-01],
        [ 3.8324e-09,  1.7526e-09,  9.9998e-01],
        [ 9.9998e-01, -4.4110e-09, -3.8210e-09]], device='cuda:3',
       requires_grad=True)Parameter containing:
tensor([[-4.4015e-05,  1.8071e-05,  1.0000e+00],
        [ 9.9983e-01, -3.1240e-05,  1.8465e-04],
        [ 1.0001e+00, -6.1193e-05, -8.6772e-05],
        ...,
        [ 1.1540e-09,  6.7594e-09,  9.9998e-01],
        [ 3.8324e-09,  1.7526e-09,  9.9998e-01],
        [ 9.9998e-01, -4.4110e-09, -3.8210e-09]], device='cuda:3',
       requires_grad=True)Parameter containing:
tensor([[-4.4273e-05,  1.8163e-05,  1.0000e+00],
        [ 9.9983e-01, -3.1225e-05,  1.8481e-04],
        [ 1.0001e+00, -6.1306e-05, -8.6879e-05],
        ...,
        [ 1.1581e-09,  6.7748e-09,  9.9998e-01],
        [ 3.8265e-09,  1.7760e-09,  9.9998e-01],
        [ 9.9998e-01, -4.4111e-09, -3.8466e-09]], device='cuda:3',
       requires_grad=True)Parameter containing:
tensor([[-4.5258e-05,  1.8470e-05,  1.0000e+00],
        [ 9.9982e-01, -3.0880e-05,  1.8554e-04],
        [ 1.0001e+00, -6.1734e-05, -8.7153e-05],
        ...,
        [ 1.1724e-09,  6.8290e-09,  9.9998e-01],
        [ 3.8054e-09,  1.8584e-09,  9.9998e-01],
        [ 9.9998e-01, -4.4115e-09, -3.9368e-09]], device='cuda:3',
       requires_grad=True)Parameter containing:
tensor([[-4.7460e-05,  1.9194e-05,  1.0000e+00],
        [ 9.9982e-01, -3.0344e-05,  1.8677e-04],
        [ 1.0001e+00, -6.2567e-05, -8.7684e-05],
        ...,
        [ 1.2004e-09,  6.9344e-09,  9.9998e-01],
        [ 3.7645e-09,  2.0184e-09,  9.9998e-01],
        [ 9.9998e-01, -4.4122e-09, -4.1120e-09]], device='cuda:3',
       requires_grad=True)Parameter containing:
tensor([[-5.0782e-05,  2.0287e-05,  1.0000e+00],
        [ 9.9982e-01, -2.9284e-05,  1.8872e-04],
        [ 1.0001e+00, -6.3824e-05, -8.8485e-05],
        ...,
        [ 1.2425e-09,  7.0933e-09,  9.9998e-01],
        [ 3.8080e-09,  2.2175e-09,  9.9998e-01],
        [ 9.9998e-01, -4.4132e-09, -4.3762e-09]], device='cuda:3',
       requires_grad=True)Parameter containing:
tensor([[-5.5247e-05,  2.1584e-05,  1.0000e+00],
        [ 9.9981e-01, -2.7668e-05,  1.9135e-04],
        [ 1.0001e+00, -6.4906e-05, -9.0582e-05],
        ...,
        [ 1.4518e-09,  7.2292e-09,  9.9998e-01],
        [ 4.0196e-09,  2.4489e-09,  9.9998e-01],
        [ 9.9998e-01, -4.4146e-09, -4.7203e-09]], device='cuda:3',
       requires_grad=True)Parameter containing:
tensor([[-6.0158e-05,  2.3339e-05,  1.0000e+00],
        [ 9.9980e-01, -2.4760e-05,  1.9680e-04],
        [ 1.0001e+00, -6.7022e-05, -9.3631e-05],
        ...,
        [ 1.6984e-09,  7.3893e-09,  9.9998e-01],
        [ 4.2688e-09,  2.7215e-09,  9.9998e-01],
        [ 9.9998e-01, -4.6234e-09, -5.0466e-09]], device='cuda:3',
       requires_grad=True)Parameter containing:
tensor([[-6.5486e-05,  2.5276e-05,  1.0000e+00],
        [ 9.9979e-01, -2.0626e-05,  2.0337e-04],
        [ 1.0001e+00, -7.0787e-05, -1.0117e-04],
        ...,
        [ 1.9676e-09,  7.5641e-09,  9.9997e-01],
        [ 4.7888e-09,  2.9691e-09,  9.9997e-01],
        [ 9.9997e-01, -4.8513e-09, -5.4027e-09]], device='cuda:3',
       requires_grad=True)Parameter containing:
tensor([[-7.3132e-05,  2.8584e-05,  1.0000e+00],
        [ 9.9978e-01, -1.6578e-05,  2.0843e-04],
        [ 1.0002e+00, -7.5581e-05, -1.0947e-04],
        ...,
        [ 2.5404e-09,  7.6582e-09,  9.9997e-01],
        [ 5.6142e-09,  3.1468e-09,  9.9997e-01],
        [ 9.9997e-01, -4.9994e-09, -6.0655e-09]], device='cuda:3',
       requires_grad=True)Parameter containing:
tensor([[-8.0402e-05,  3.2514e-05,  1.0000e+00],
        [ 9.9977e-01, -1.5312e-05,  2.1132e-04],
        [ 1.0002e+00, -8.1115e-05, -1.1877e-04],
        ...,
        [ 3.0963e-09,  7.7496e-09,  9.9997e-01],
        [ 6.7162e-09,  3.1887e-09,  9.9997e-01],
        [ 9.9997e-01, -5.1431e-09, -6.7088e-09]], device='cuda:3',
       requires_grad=True)Parameter containing:
tensor([[-8.7137e-05,  3.6030e-05,  1.0000e+00],
        [ 9.9977e-01, -1.4601e-05,  2.1395e-04],
        [ 1.0002e+00, -8.6221e-05, -1.2736e-04],
        ...,
        [ 3.6093e-09,  7.8339e-09,  9.9997e-01],
        [ 7.7328e-09,  3.2274e-09,  9.9997e-01],
        [ 9.9997e-01, -5.2757e-09, -7.3022e-09]], device='cuda:3',
       requires_grad=True)Parameter containing:
tensor([[-9.3072e-05,  3.9007e-05,  1.0000e+00],
        [ 9.9976e-01, -1.2476e-05,  2.1892e-04],
        [ 1.0002e+00, -9.0704e-05, -1.3489e-04],
        ...,
        [ 3.9539e-09,  8.1903e-09,  9.9997e-01],
        [ 8.6254e-09,  3.2613e-09,  9.9997e-01],
        [ 9.9997e-01, -5.3921e-09, -7.8233e-09]], device='cuda:3',
       requires_grad=True)Parameter containing:
tensor([[-9.9324e-05,  4.0425e-05,  1.0000e+00],
        [ 9.9975e-01, -1.1604e-05,  2.2097e-04],
        [ 1.0002e+00, -9.5216e-05, -1.4177e-04],
        ...,
        [ 4.2414e-09,  8.4876e-09,  9.9996e-01],
        [ 9.3702e-09,  3.2896e-09,  9.9996e-01],
        [ 9.9996e-01, -5.4893e-09, -8.2581e-09]], device='cuda:3',
       requires_grad=True)Parameter containing:
tensor([[-1.0525e-04,  4.0571e-05,  1.0000e+00],
        [ 9.9975e-01, -1.0806e-05,  2.2285e-04],
        [ 1.0002e+00, -9.9191e-05, -1.4795e-04],
        ...,
        [ 4.4686e-09,  8.7225e-09,  9.9996e-01],
        [ 1.0126e-08,  3.3051e-09,  9.9996e-01],
        [ 9.9996e-01, -5.8515e-09, -8.5254e-09]], device='cuda:3',
       requires_grad=True)Parameter containing:
tensor([[-1.1036e-04,  4.0297e-05,  1.0000e+00],
        [ 9.9973e-01, -2.1300e-05,  2.5693e-04],
        [ 1.0002e+00, -1.0186e-04, -1.5243e-04],
        ...,
        [ 4.6371e-09,  8.8968e-09,  9.9996e-01],
        [ 1.0931e-08,  3.2507e-09,  9.9996e-01],
        [ 9.9996e-01, -6.1203e-09, -8.7238e-09]], device='cuda:3',
       requires_grad=True)Parameter containing:
tensor([[-1.1403e-04,  4.0138e-05,  1.0000e+00],
        [ 9.9970e-01, -3.0481e-05,  2.8609e-04],
        [ 1.0002e+00, -1.0340e-04, -1.5533e-04],
        ...,
        [ 4.7530e-09,  9.0166e-09,  9.9996e-01],
        [ 1.1485e-08,  3.2133e-09,  9.9996e-01],
        [ 9.9996e-01, -6.3051e-09, -8.8601e-09]], device='cuda:3',
       requires_grad=True)Parameter containing:
tensor([[-1.1747e-04,  4.0569e-05,  1.0000e+00],
        [ 9.9969e-01, -3.6197e-05,  3.0421e-04],
        [ 1.0002e+00, -1.0430e-04, -1.5726e-04],
        ...,
        [ 4.7836e-09,  9.1899e-09,  9.9996e-01],
        [ 1.1766e-08,  3.3232e-09,  9.9996e-01],
        [ 9.9996e-01, -6.5207e-09, -8.8987e-09]], device='cuda:3',
       requires_grad=True)Parameter containing:
tensor([[-1.2022e-04,  4.0986e-05,  1.0000e+00],
        [ 9.9968e-01, -3.8501e-05,  3.1428e-04],
        [ 1.0002e+00, -1.0478e-04, -1.5829e-04],
        ...,
        [ 4.7941e-09,  9.2943e-09,  9.9996e-01],
        [ 1.1917e-08,  3.3822e-09,  9.9996e-01],
        [ 9.9996e-01, -6.6364e-09, -8.9194e-09]], device='cuda:3',
       requires_grad=True)Parameter containing:
tensor([[-1.2136e-04,  4.1131e-05,  1.0000e+00],
        [ 9.9968e-01, -3.9462e-05,  3.1848e-04],
        [ 1.0002e+00, -1.0528e-04, -1.5883e-04],
        ...,
        [ 4.7850e-09,  9.3774e-09,  9.9996e-01],
        [ 1.1956e-08,  3.4464e-09,  9.9996e-01],
        [ 9.9996e-01, -6.6846e-09, -8.9281e-09]], device='cuda:3',
       requires_grad=True)Parameter containing:
tensor([[0., 0., 1.],
        [0., 0., 1.],
        [1., 0., 0.],
        ...,
        [0., 0., 1.],
        [0., 0., 1.],
        [1., 0., 0.]], device='cuda:3', requires_grad=True)Parameter containing:
tensor([[-2.8051e-10,  4.7382e-10,  1.0000e+00],
        [-2.5977e-10,  4.5456e-10,  1.0000e+00],
        [ 1.0000e+00, -4.7134e-10,  8.9982e-11],
        ...,
        [ 3.0640e-10, -1.0259e-10,  1.0000e+00],
        [-1.0226e-11,  4.2057e-11,  1.0000e+00],
        [ 1.0000e+00,  0.0000e+00,  0.0000e+00]], device='cuda:3',
       requires_grad=True)Parameter containing:
tensor([[ 6.6911e-06, -2.3102e-06,  1.0000e+00],
        [-1.9007e-08, -1.2904e-08,  1.0000e+00],
        [ 1.0000e+00, -1.1263e-09,  2.7267e-10],
        ...,
        [ 8.2068e-10, -2.8404e-10,  1.0000e+00],
        [-1.9204e-11,  7.8982e-11,  1.0000e+00],
        [ 1.0000e+00,  5.6343e-11, -2.4536e-10]], device='cuda:3',
       requires_grad=True)Parameter containing:
tensor([[-1.5250e-05, -1.3637e-05,  1.0000e+00],
        [-4.7264e-08, -4.0675e-08,  1.0000e+00],
        [ 9.9998e-01, -1.2837e-05,  3.2837e-05],
        ...,
        [ 1.2498e-09, -4.3544e-10,  1.0000e+00],
        [-2.6696e-11,  1.0979e-10,  1.0000e+00],
        [ 1.0000e+00,  1.0336e-10, -4.5011e-10]], device='cuda:3',
       requires_grad=True)Parameter containing:
tensor([[-4.4483e-05, -4.2285e-05,  1.0001e+00],
        [-7.8077e-08, -7.3336e-08,  1.0000e+00],
        [ 9.9995e-01, -5.0125e-05,  9.8873e-05],
        ...,
        [ 1.5888e-09, -5.5505e-10,  1.0000e+00],
        [-3.2614e-11,  1.3413e-10,  1.0000e+00],
        [ 1.0000e+00,  1.4050e-10, -6.1185e-10]], device='cuda:3',
       requires_grad=True)Parameter containing:
tensor([[-7.8058e-05, -7.1613e-05,  1.0001e+00],
        [-1.2519e-07, -8.7229e-08,  1.0000e+00],
        [ 9.9993e-01, -7.7792e-05,  1.4787e-04],
        ...,
        [ 1.8404e-09, -6.4379e-10,  1.0000e+00],
        [-1.0631e-10,  3.1311e-10,  1.0000e+00],
        [ 1.0000e+00,  1.6806e-10, -7.3186e-10]], device='cuda:3',
       requires_grad=True)Parameter containing:
tensor([[-1.1743e-04, -1.0797e-04,  1.0002e+00],
        [-1.8334e-07, -8.2675e-08,  1.0000e+00],
        [ 9.9991e-01, -9.6815e-05,  1.8156e-04],
        ...,
        [ 2.0133e-09, -7.0481e-10,  1.0000e+00],
        [-1.5698e-10,  4.3616e-10,  1.0000e+00],
        [ 1.0000e+00,  1.8700e-10, -8.1437e-10]], device='cuda:3',
       requires_grad=True)Parameter containing:
tensor([[-1.4191e-04, -1.3059e-04,  1.0003e+00],
        [-2.1956e-07, -7.9760e-08,  1.0000e+00],
        [ 9.9989e-01, -1.0142e-04,  2.1054e-04],
        ...,
        [ 2.1209e-09, -7.4275e-10,  1.0000e+00],
        [-1.8850e-10,  5.1269e-10,  1.0000e+00],
        [ 1.0000e+00,  1.9879e-10, -8.6569e-10]], device='cuda:3',
       requires_grad=True)Parameter containing:
tensor([[-1.6491e-04, -1.5740e-04,  1.0003e+00],
        [-2.3901e-07, -7.8142e-08,  1.0000e+00],
        [ 9.9985e-01, -1.1307e-04,  2.5904e-04],
        ...,
        [ 2.1786e-09, -7.6312e-10,  1.0000e+00],
        [-1.5890e-10,  5.4486e-10,  1.0000e+00],
        [ 1.0000e+00,  2.2377e-10, -9.4565e-10]], device='cuda:3',
       requires_grad=True)Parameter containing:
tensor([[-1.7450e-04, -1.6858e-04,  1.0003e+00],
        [-2.4713e-07, -7.7443e-08,  1.0000e+00],
        [ 9.9983e-01, -1.1909e-04,  2.8226e-04],
        ...,
        [ 2.2027e-09, -7.7162e-10,  1.0000e+00],
        [-1.5351e-10,  5.8238e-10,  1.0000e+00],
        [ 1.0000e+00,  2.4564e-10, -9.9774e-10]], device='cuda:3',
       requires_grad=True)Parameter containing:
tensor([[-1.7709e-04, -1.7146e-04,  1.0003e+00],
        [-2.4942e-07, -7.7569e-08,  1.0000e+00],
        [ 9.9983e-01, -1.2045e-04,  2.8768e-04],
        ...,
        [ 2.2082e-09, -7.7358e-10,  1.0000e+00],
        [-1.4837e-10,  5.8899e-10,  1.0000e+00],
        [ 1.0000e+00,  2.5069e-10, -1.0098e-09]], device='cuda:3',
       requires_grad=True)Parameter containing:
tensor([[-1.7709e-04, -1.7146e-04,  1.0003e+00],
        [-2.4942e-07, -7.7569e-08,  1.0000e+00],
        [ 9.9983e-01, -1.2045e-04,  2.8768e-04],
        ...,
        [ 2.2082e-09, -7.7358e-10,  1.0000e+00],
        [-1.4837e-10,  5.8899e-10,  1.0000e+00],
        [ 1.0000e+00,  2.5069e-10, -1.0098e-09]], device='cuda:3',
       requires_grad=True)Parameter containing:
tensor([[-1.7919e-04, -1.7435e-04,  1.0004e+00],
        [-2.5310e-07, -7.7485e-08,  1.0000e+00],
        [ 9.9982e-01, -1.2135e-04,  2.9359e-04],
        ...,
        [ 2.2127e-09, -7.7517e-10,  1.0000e+00],
        [-1.4752e-10,  6.0063e-10,  1.0000e+00],
        [ 1.0000e+00,  2.5478e-10, -1.0195e-09]], device='cuda:3',
       requires_grad=True)Parameter containing:
tensor([[-1.8651e-04, -1.8455e-04,  1.0004e+00],
        [-2.6715e-07, -7.8440e-08,  1.0000e+00],
        [ 9.9981e-01, -1.2488e-04,  3.1389e-04],
        ...,
        [ 2.2285e-09, -7.8074e-10,  1.0000e+00],
        [-1.4452e-10,  6.4151e-10,  1.0000e+00],
        [ 1.0000e+00,  2.8128e-10, -1.0784e-09]], device='cuda:3',
       requires_grad=True)Parameter containing:
tensor([[-2.0601e-04, -2.0690e-04,  1.0004e+00],
        [-2.9706e-07, -8.4051e-08,  1.0000e+00],
        [ 9.9977e-01, -1.2985e-04,  3.5610e-04],
        ...,
        [ 2.2592e-09, -7.9157e-10,  1.0000e+00],
        [-1.3869e-10,  7.2091e-10,  1.0000e+00],
        [ 1.0000e+00,  2.8199e-10, -1.1697e-09]], device='cuda:3',
       requires_grad=True)Parameter containing:
tensor([[-2.3895e-04, -2.5154e-04,  1.0005e+00],
        [-3.4821e-07, -9.8846e-08,  1.0000e+00],
        [ 9.9971e-01, -1.3558e-04,  4.2083e-04],
        ...,
        [ 2.3055e-09, -8.0790e-10,  1.0000e+00],
        [-1.5882e-10,  9.2710e-10,  1.0000e+00],
        [ 1.0000e+00,  2.8306e-10, -1.3074e-09]], device='cuda:3',
       requires_grad=True)Parameter containing:
tensor([[-2.8184e-04, -3.0967e-04,  1.0006e+00],
        [-4.4006e-07, -1.3430e-07,  1.0000e+00],
        [ 9.9961e-01, -1.3706e-04,  5.2127e-04],
        ...,
        [ 2.3658e-09, -8.2917e-10,  9.9999e-01],
        [-1.8504e-10,  1.1957e-09,  9.9999e-01],
        [ 9.9999e-01,  2.8445e-10, -1.4868e-09]], device='cuda:3',
       requires_grad=True)Parameter containing:
tensor([[-3.5459e-04, -4.0561e-04,  1.0008e+00],
        [-6.1090e-07, -1.3446e-07,  9.9999e-01],
        [ 9.9949e-01, -1.3881e-04,  6.3960e-04],
        ...,
        [ 2.5930e-09, -9.1237e-10,  9.9999e-01],
        [-4.1049e-11,  1.4713e-09,  9.9999e-01],
        [ 9.9999e-01,  3.7339e-10, -1.8670e-09]], device='cuda:3',
       requires_grad=True)Parameter containing:
tensor([[-4.3928e-04, -5.1802e-04,  1.0009e+00],
        [-8.0637e-07, -1.4982e-07,  9.9999e-01],
        [ 9.9935e-01, -1.3294e-04,  7.7353e-04],
        ...,
        [ 3.0498e-09, -1.0711e-09,  9.9999e-01],
        [ 1.1614e-10,  1.7722e-09,  9.9999e-01],
        [ 9.9999e-01,  4.7048e-10, -2.2821e-09]], device='cuda:3',
       requires_grad=True)Parameter containing:
tensor([[-5.4741e-04, -6.6763e-04,  1.0012e+00],
        [-1.0544e-06, -1.4716e-07,  9.9999e-01],
        [ 9.9916e-01, -1.3400e-04,  9.6203e-04],
        ...,
        [ 3.3675e-09, -9.9543e-10,  9.9999e-01],
        [ 2.7732e-10,  2.0807e-09,  9.9999e-01],
        [ 9.9999e-01,  5.7003e-10, -2.7078e-09]], device='cuda:3',
       requires_grad=True)Parameter containing:
tensor([[-6.5237e-04, -8.1285e-04,  1.0015e+00],
        [-1.3302e-06, -1.5448e-07,  9.9999e-01],
        [ 9.9898e-01, -1.3501e-04,  1.1450e-03],
        ...,
        [ 3.6759e-09, -9.2193e-10,  9.9999e-01],
        [ 4.3377e-10,  2.3802e-09,  9.9999e-01],
        [ 9.9999e-01,  4.1044e-10, -3.0148e-09]], device='cuda:3',
       requires_grad=True)Parameter containing:
tensor([[-7.5602e-04, -9.5883e-04,  1.0017e+00],
        [-1.5876e-06, -1.6864e-07,  9.9999e-01],
        [ 9.9881e-01, -1.3594e-04,  1.3138e-03],
        ...,
        [ 3.9604e-09, -8.5413e-10,  9.9999e-01],
        [ 5.7811e-10,  2.6564e-09,  9.9999e-01],
        [ 9.9999e-01,  8.6807e-12, -3.1846e-09]], device='cuda:3',
       requires_grad=True)Parameter containing:
tensor([[-8.5562e-04, -1.1098e-03,  1.0020e+00],
        [-1.8137e-06, -1.8081e-07,  9.9999e-01],
        [ 9.9865e-01, -1.4826e-04,  1.4885e-03],
        ...,
        [ 4.0560e-09, -5.5063e-10,  9.9999e-01],
        [ 7.0484e-10,  2.8990e-09,  9.9999e-01],
        [ 9.9999e-01, -6.0443e-10, -3.2076e-09]], device='cuda:3',
       requires_grad=True)Parameter containing:
tensor([[-9.5755e-04, -1.2810e-03,  1.0022e+00],
        [-2.0248e-06, -2.1795e-07,  9.9999e-01],
        [ 9.9850e-01, -1.5568e-04,  1.6377e-03],
        ...,
        [ 4.0421e-09, -4.3210e-11,  9.9998e-01],
        [ 8.1059e-10,  3.1014e-09,  9.9998e-01],
        [ 9.9998e-01, -1.1161e-09, -3.2269e-09]], device='cuda:3',
       requires_grad=True)Parameter containing:
tensor([[-1.0208e-03, -1.4257e-03,  1.0024e+00],
        [-2.2154e-06, -2.6118e-07,  9.9998e-01],
        [ 9.9838e-01, -1.5774e-04,  1.7626e-03],
        ...,
        [ 3.9872e-09,  4.7512e-10,  9.9998e-01],
        [ 8.9413e-10,  3.2613e-09,  9.9998e-01],
        [ 9.9998e-01, -1.5202e-09, -3.2421e-09]], device='cuda:3',
       requires_grad=True)Parameter containing:
tensor([[-1.0677e-03, -1.5330e-03,  1.0026e+00],
        [-2.3911e-06, -2.8725e-07,  9.9998e-01],
        [ 9.9828e-01, -1.5588e-04,  1.8602e-03],
        ...,
        [ 3.9024e-09,  9.8468e-10,  9.9998e-01],
        [ 9.5611e-10,  3.3800e-09,  9.9998e-01],
        [ 9.9998e-01, -1.8201e-09, -3.2534e-09]], device='cuda:3',
       requires_grad=True)Parameter containing:
tensor([[-1.1148e-03, -1.6188e-03,  1.0027e+00],
        [-2.5202e-06, -3.1548e-07,  9.9998e-01],
        [ 9.9821e-01, -1.5459e-04,  1.9274e-03],
        ...,
        [ 3.7946e-09,  1.4810e-09,  9.9998e-01],
        [ 9.9873e-10,  3.4616e-09,  9.9998e-01],
        [ 9.9998e-01, -2.1723e-09, -3.1701e-09]], device='cuda:3',
       requires_grad=True)Parameter containing:
tensor([[-1.1464e-03, -1.6713e-03,  1.0028e+00],
        [-2.6215e-06, -3.2218e-07,  9.9998e-01],
        [ 9.9816e-01, -1.5720e-04,  1.9798e-03],
        ...,
        [ 3.6786e-09,  1.8894e-09,  9.9998e-01],
        [ 9.9903e-10,  3.6143e-09,  9.9998e-01],
        [ 9.9998e-01, -2.3914e-09, -3.1183e-09]], device='cuda:3',
       requires_grad=True)Parameter containing:
tensor([[-1.1668e-03, -1.7053e-03,  1.0029e+00],
        [-2.6786e-06, -3.3032e-07,  9.9998e-01],
        [ 9.9813e-01, -1.5785e-04,  2.0085e-03],
        ...,
        [ 3.6163e-09,  2.1087e-09,  9.9998e-01],
        [ 1.0605e-09,  3.6796e-09,  9.9998e-01],
        [ 9.9998e-01, -2.5090e-09, -3.0905e-09]], device='cuda:3',
       requires_grad=True)Parameter containing:
tensor([[-1.1754e-03, -1.7194e-03,  1.0029e+00],
        [-2.7068e-06, -3.3550e-07,  9.9998e-01],
        [ 9.9811e-01, -1.6032e-04,  2.0274e-03],
        ...,
        [ 3.5714e-09,  2.2289e-09,  9.9998e-01],
        [ 1.0862e-09,  3.7069e-09,  9.9998e-01],
        [ 9.9998e-01, -2.5472e-09, -3.1078e-09]], device='cuda:3',
       requires_grad=True)Parameter containing:
tensor([[-1.1777e-03, -1.7230e-03,  1.0029e+00],
        [-2.7134e-06, -3.3723e-07,  9.9998e-01],
        [ 9.9811e-01, -1.6122e-04,  2.0324e-03],
        ...,
        [ 3.5589e-09,  2.2641e-09,  9.9998e-01],
        [ 1.0921e-09,  3.7131e-09,  9.9998e-01],
        [ 9.9998e-01, -2.5560e-09, -3.1119e-09]], device='cuda:3',
       requires_grad=True)Parameter containing:
tensor([[-1.1777e-03, -1.7230e-03,  1.0029e+00],
        [-2.7134e-06, -3.3723e-07,  9.9998e-01],
        [ 9.9811e-01, -1.6122e-04,  2.0324e-03],
        ...,
        [ 3.5589e-09,  2.2641e-09,  9.9998e-01],
        [ 1.0921e-09,  3.7131e-09,  9.9998e-01],
        [ 9.9998e-01, -2.5560e-09, -3.1119e-09]], device='cuda:3',
       requires_grad=True)Parameter containing:
tensor([[-1.1799e-03, -1.7262e-03,  1.0029e+00],
        [-2.7195e-06, -3.3945e-07,  9.9998e-01],
        [ 9.9810e-01, -1.6192e-04,  2.0366e-03],
        ...,
        [ 3.5470e-09,  2.2994e-09,  9.9998e-01],
        [ 1.0969e-09,  3.7182e-09,  9.9998e-01],
        [ 9.9998e-01, -2.5603e-09, -3.1203e-09]], device='cuda:3',
       requires_grad=True)Parameter containing:
tensor([[-1.1907e-03, -1.7450e-03,  1.0029e+00],
        [-2.7453e-06, -3.4578e-07,  9.9998e-01],
        [ 9.9808e-01, -1.6700e-04,  2.0626e-03],
        ...,
        [ 3.5356e-09,  2.4145e-09,  9.9998e-01],
        [ 1.0991e-09,  3.7628e-09,  9.9998e-01],
        [ 9.9998e-01, -2.5754e-09, -3.1498e-09]], device='cuda:3',
       requires_grad=True)Parameter containing:
tensor([[-1.2156e-03, -1.7902e-03,  1.0030e+00],
        [-2.7981e-06, -3.6397e-07,  9.9998e-01],
        [ 9.9804e-01, -1.7767e-04,  2.1125e-03],
        ...,
        [ 3.5778e-09,  2.6111e-09,  9.9998e-01],
        [ 1.1032e-09,  3.8495e-09,  9.9998e-01],
        [ 9.9998e-01, -2.6047e-09, -3.2071e-09]], device='cuda:3',
       requires_grad=True)Parameter containing:
tensor([[-1.2530e-03, -1.8582e-03,  1.0031e+00],
        [-2.8859e-06, -3.9758e-07,  9.9998e-01],
        [ 9.9797e-01, -2.0289e-04,  2.2076e-03],
        ...,
        [ 3.5701e-09,  3.0221e-09,  9.9998e-01],
        [ 1.0729e-09,  4.0917e-09,  9.9998e-01],
        [ 9.9998e-01, -2.6488e-09, -3.2935e-09]], device='cuda:3',
       requires_grad=True)Parameter containing:
tensor([[-1.3182e-03, -1.9589e-03,  1.0033e+00],
        [-3.0045e-06, -4.5136e-07,  9.9998e-01],
        [ 9.9788e-01, -2.3573e-04,  2.3314e-03],
        ...,
        [ 3.5600e-09,  3.5575e-09,  9.9998e-01],
        [ 1.0333e-09,  4.4071e-09,  9.9998e-01],
        [ 9.9998e-01, -2.6281e-09, -3.5250e-09]], device='cuda:3',
       requires_grad=True)Parameter containing:
tensor([[-1.4018e-03, -2.0913e-03,  1.0035e+00],
        [-3.1555e-06, -5.3200e-07,  9.9998e-01],
        [ 9.9775e-01, -2.9668e-04,  2.5181e-03],
        ...,
        [ 3.4929e-09,  4.3858e-09,  9.9998e-01],
        [ 9.8672e-10,  4.7787e-09,  9.9998e-01],
        [ 9.9998e-01, -2.6036e-09, -3.7977e-09]], device='cuda:3',
       requires_grad=True)Parameter containing:
tensor([[-1.4931e-03, -2.2358e-03,  1.0037e+00],
        [-3.3523e-06, -6.2708e-07,  9.9998e-01],
        [ 9.9762e-01, -3.6321e-04,  2.7219e-03],
        ...,
        [ 3.4195e-09,  5.2900e-09,  9.9997e-01],
        [ 9.3586e-10,  5.1844e-09,  9.9997e-01],
        [ 9.9997e-01, -2.5769e-09, -4.0953e-09]], device='cuda:3',
       requires_grad=True)Parameter containing:
tensor([[-1.6002e-03, -2.3978e-03,  1.0040e+00],
        [-3.6275e-06, -6.7625e-07,  9.9998e-01],
        [ 9.9746e-01, -4.2409e-04,  2.9349e-03],
        ...,
        [ 3.6406e-09,  6.0769e-09,  9.9997e-01],
        [ 1.2073e-09,  5.4088e-09,  9.9997e-01],
        [ 9.9997e-01, -2.8733e-09, -4.2536e-09]], device='cuda:3',
       requires_grad=True)Parameter containing:
tensor([[-1.7295e-03, -2.6082e-03,  1.0043e+00],
        [-3.9215e-06, -7.5050e-07,  9.9997e-01],
        [ 9.9730e-01, -4.7626e-04,  3.1510e-03],
        ...,
        [ 3.8551e-09,  6.8406e-09,  9.9997e-01],
        [ 1.4708e-09,  5.6267e-09,  9.9997e-01],
        [ 9.9997e-01, -3.4824e-09, -4.1387e-09]], device='cuda:3',
       requires_grad=True)Parameter containing:
tensor([[-1.8795e-03, -2.8387e-03,  1.0047e+00],
        [-4.2596e-06, -8.3212e-07,  9.9997e-01],
        [ 9.9705e-01, -5.6567e-04,  3.4838e-03],
        ...,
        [ 4.0531e-09,  7.5453e-09,  9.9997e-01],
        [ 1.7139e-09,  5.8276e-09,  9.9997e-01],
        [ 9.9997e-01, -3.8710e-09, -4.3705e-09]], device='cuda:3',
       requires_grad=True)Parameter containing:
tensor([[-2.0195e-03, -3.0509e-03,  1.0050e+00],
        [-4.5736e-06, -9.2042e-07,  9.9997e-01],
        [ 9.9680e-01, -6.5775e-04,  3.8237e-03],
        ...,
        [ 4.2269e-09,  8.1639e-09,  9.9997e-01],
        [ 1.9273e-09,  6.0041e-09,  9.9997e-01],
        [ 9.9997e-01, -4.2121e-09, -4.5740e-09]], device='cuda:3',
       requires_grad=True)Parameter containing:
tensor([[-2.2134e-03, -3.2429e-03,  1.0054e+00],
        [-4.8680e-06, -1.0269e-06,  9.9997e-01],
        [ 9.9653e-01, -7.4656e-04,  4.1844e-03],
        ...,
        [ 4.2342e-09,  9.0124e-09,  9.9996e-01],
        [ 2.4587e-09,  6.0706e-09,  9.9996e-01],
        [ 9.9996e-01, -4.4968e-09, -4.7439e-09]], device='cuda:3',
       requires_grad=True)Parameter containing:
tensor([[-2.3665e-03, -3.3946e-03,  1.0057e+00],
        [-5.1121e-06, -1.1349e-06,  9.9997e-01],
        [ 9.9628e-01, -8.4209e-04,  4.5257e-03],
        ...,
        [ 4.2400e-09,  9.6827e-09,  9.9996e-01],
        [ 2.8785e-09,  6.1232e-09,  9.9996e-01],
        [ 9.9996e-01, -4.7217e-09, -4.8780e-09]], device='cuda:3',
       requires_grad=True)Parameter containing:
tensor([[-2.4630e-03, -3.5145e-03,  1.0059e+00],
        [-5.3422e-06, -1.2035e-06,  9.9997e-01],
        [ 9.9610e-01, -9.1297e-04,  4.7790e-03],
        ...,
        [ 4.2442e-09,  1.0180e-08,  9.9996e-01],
        [ 3.1899e-09,  6.1622e-09,  9.9996e-01],
        [ 9.9996e-01, -4.8886e-09, -4.9775e-09]], device='cuda:3',
       requires_grad=True)Parameter containing:
tensor([[-2.5427e-03, -3.6341e-03,  1.0061e+00],
        [-5.5015e-06, -1.2527e-06,  9.9997e-01],
        [ 9.9597e-01, -9.6170e-04,  4.9532e-03],
        ...,
        [ 4.4369e-09,  1.0417e-08,  9.9996e-01],
        [ 3.3491e-09,  6.3988e-09,  9.9996e-01],
        [ 9.9996e-01, -5.0033e-09, -5.0460e-09]], device='cuda:3',
       requires_grad=True)Parameter containing:
tensor([[-2.5923e-03, -3.7085e-03,  1.0063e+00],
        [-5.6228e-06, -1.2787e-06,  9.9997e-01],
        [ 9.9588e-01, -9.8511e-04,  5.0688e-03],
        ...,
        [ 4.6420e-09,  1.0502e-08,  9.9996e-01],
        [ 3.4480e-09,  6.5459e-09,  9.9996e-01],
        [ 9.9996e-01, -5.0746e-09, -5.0885e-09]], device='cuda:3',
       requires_grad=True)Parameter containing:
tensor([[-2.6189e-03, -3.7484e-03,  1.0063e+00],
        [-5.6956e-06, -1.2952e-06,  9.9997e-01],
        [ 9.9583e-01, -9.9767e-04,  5.1309e-03],
        ...,
        [ 4.7521e-09,  1.0547e-08,  9.9996e-01],
        [ 3.5011e-09,  6.6249e-09,  9.9996e-01],
        [ 9.9996e-01, -5.0996e-09, -5.1784e-09]], device='cuda:3',
       requires_grad=True)Parameter containing:
tensor([[-2.6335e-03, -3.7670e-03,  1.0064e+00],
        [-5.7284e-06, -1.3039e-06,  9.9997e-01],
        [ 9.9580e-01, -1.0016e-03,  5.1576e-03],
        ...,
        [ 4.7980e-09,  1.0566e-08,  9.9996e-01],
        [ 3.5083e-09,  6.7010e-09,  9.9996e-01],
        [ 9.9996e-01, -5.0756e-09, -5.2534e-09]], device='cuda:3',
       requires_grad=True)Parameter containing:
tensor([[0., 0., 1.],
        [0., 0., 1.],
        [1., 0., 0.],
        ...,
        [1., 0., 0.],
        [0., 0., 1.],
        [0., 0., 1.]], device='cuda:3', requires_grad=True)Parameter containing:
tensor([[-7.8003e-10,  1.3176e-09,  1.0000e+00],
        [-7.2236e-10,  1.2640e-09,  1.0000e+00],
        [ 1.0000e+00, -1.3107e-09,  2.5022e-10],
        ...,
        [ 1.0000e+00,  6.6731e-10, -1.3312e-09],
        [ 1.3119e-09, -2.4695e-10,  1.0000e+00],
        [ 0.0000e+00,  0.0000e+00,  1.0000e+00]], device='cuda:3',
       requires_grad=True)Parameter containing:
tensor([[ 5.2190e-07,  2.0522e-06,  1.0000e+00],
        [ 2.9287e-07, -1.4141e-07,  1.0000e+00],
        [ 1.0000e+00, -5.2507e-06, -3.4174e-06],
        ...,
        [ 1.0000e+00,  5.7203e-10, -2.3056e-09],
        [ 2.1845e-09,  1.8428e-10,  1.0000e+00],
        [ 0.0000e+00,  0.0000e+00,  1.0000e+00]], device='cuda:3',
       requires_grad=True)Parameter containing:
tensor([[ 3.0293e-06,  2.2420e-06,  9.9999e-01],
        [ 5.3764e-07, -2.5999e-07,  1.0000e+00],
        [ 1.0000e+00, -9.6318e-06, -6.2691e-06],
        ...,
        [ 1.0000e+00,  4.9252e-10, -3.1188e-09],
        [ 2.9127e-09,  5.4414e-10,  1.0000e+00],
        [ 0.0000e+00,  0.0000e+00,  1.0000e+00]], device='cuda:3',
       requires_grad=True)Parameter containing:
tensor([[ 6.6883e-06,  2.9642e-06,  9.9999e-01],
        [ 1.6921e-06,  9.1358e-07,  1.0000e+00],
        [ 1.0000e+00, -1.1774e-05, -1.1897e-05],
        ...,
        [ 1.0000e+00,  4.2972e-10, -3.7611e-09],
        [ 3.2869e-09,  1.3835e-09,  1.0000e+00],
        [-2.8686e-10,  5.5183e-10,  1.0000e+00]], device='cuda:3',
       requires_grad=True)Parameter containing:
tensor([[ 9.9931e-06,  4.7768e-06,  9.9998e-01],
        [ 3.2488e-06,  2.2686e-06,  9.9999e-01],
        [ 1.0000e+00, -1.4068e-05, -1.7289e-05],
        ...,
        [ 1.0000e+00,  3.8312e-10, -4.2377e-09],
        [ 4.0187e-09,  1.8107e-09,  1.0000e+00],
        [-4.9971e-10,  9.6127e-10,  1.0000e+00]], device='cuda:3',
       requires_grad=True)Parameter containing:
tensor([[ 1.2778e-05,  6.3051e-06,  9.9998e-01],
        [ 5.0731e-06,  3.6411e-06,  9.9999e-01],
        [ 1.0000e+00, -1.8419e-05, -2.4239e-05],
        ...,
        [ 1.0000e+00,  3.5108e-10, -4.5654e-09],
        [ 4.8676e-09,  1.9663e-09,  1.0000e+00],
        [-3.0548e-10,  1.1323e-09,  1.0000e+00]], device='cuda:3',
       requires_grad=True)Parameter containing:
tensor([[ 1.5145e-05,  7.6866e-06,  9.9997e-01],
        [ 6.2999e-06,  4.4553e-06,  9.9999e-01],
        [ 1.0000e+00, -2.1126e-05, -2.8560e-05],
        ...,
        [ 1.0000e+00,  3.3115e-10, -4.7691e-09],
        [ 5.3955e-09,  2.0630e-09,  1.0000e+00],
        [-3.4706e-10,  1.4818e-09,  1.0000e+00]], device='cuda:3',
       requires_grad=True)Parameter containing:
tensor([[ 1.6416e-05,  8.4284e-06,  9.9997e-01],
        [ 7.0545e-06,  4.8485e-06,  9.9998e-01],
        [ 1.0001e+00, -2.2579e-05, -3.0881e-05],
        ...,
        [ 1.0000e+00,  3.8730e-10, -5.0159e-09],
        [ 5.8129e-09,  2.0467e-09,  1.0000e+00],
        [-3.6938e-10,  1.6694e-09,  1.0000e+00]], device='cuda:3',
       requires_grad=True)Parameter containing:
tensor([[ 1.7106e-05,  8.9044e-06,  9.9997e-01],
        [ 7.5637e-06,  5.2488e-06,  9.9998e-01],
        [ 1.0001e+00, -2.3185e-05, -3.1848e-05],
        ...,
        [ 1.0000e+00,  4.1071e-10, -5.1188e-09],
        [ 5.9869e-09,  2.0400e-09,  1.0000e+00],
        [-3.7869e-10,  1.7476e-09,  1.0000e+00]], device='cuda:3',
       requires_grad=True)Parameter containing:
tensor([[ 1.7265e-05,  9.0142e-06,  9.9997e-01],
        [ 7.6811e-06,  5.3412e-06,  9.9998e-01],
        [ 1.0001e+00, -2.3432e-05, -3.2190e-05],
        ...,
        [ 1.0000e+00,  3.9876e-10, -5.1344e-09],
        [ 6.0271e-09,  2.0384e-09,  1.0000e+00],
        [-3.8084e-10,  1.7657e-09,  1.0000e+00]], device='cuda:3',
       requires_grad=True)Parameter containing:
tensor([[ 1.7265e-05,  9.0142e-06,  9.9997e-01],
        [ 7.6811e-06,  5.3412e-06,  9.9998e-01],
        [ 1.0001e+00, -2.3432e-05, -3.2190e-05],
        ...,
        [ 1.0000e+00,  3.9876e-10, -5.1344e-09],
        [ 6.0271e-09,  2.0384e-09,  1.0000e+00],
        [-3.8084e-10,  1.7657e-09,  1.0000e+00]], device='cuda:3',
       requires_grad=True)Parameter containing:
tensor([[ 1.7427e-05,  9.1220e-06,  9.9997e-01],
        [ 7.8011e-06,  5.4092e-06,  9.9998e-01],
        [ 1.0001e+00, -2.3641e-05, -3.2453e-05],
        ...,
        [ 1.0000e+00,  3.9377e-10, -5.1627e-09],
        [ 6.0492e-09,  2.0539e-09,  1.0000e+00],
        [-3.8257e-10,  1.7803e-09,  1.0000e+00]], device='cuda:3',
       requires_grad=True)Parameter containing:
tensor([[ 1.7995e-05,  9.5008e-06,  9.9997e-01],
        [ 8.2225e-06,  5.6482e-06,  9.9998e-01],
        [ 1.0001e+00, -2.4307e-05, -3.3548e-05],
        ...,
        [ 1.0000e+00,  4.0801e-10, -5.3270e-09],
        [ 6.1844e-09,  2.0905e-09,  1.0000e+00],
        [-3.4359e-10,  1.8196e-09,  1.0000e+00]], device='cuda:3',
       requires_grad=True)Parameter containing:
tensor([[ 2.0004e-05,  9.8013e-06,  9.9997e-01],
        [ 9.0356e-06,  6.1138e-06,  9.9998e-01],
        [ 1.0001e+00, -2.6410e-05, -3.7485e-05],
        ...,
        [ 1.0000e+00,  4.6784e-10, -5.7954e-09],
        [ 6.4470e-09,  2.1615e-09,  1.0000e+00],
        [-2.6787e-10,  1.8959e-09,  1.0000e+00]], device='cuda:3',
       requires_grad=True)Parameter containing:
tensor([[ 2.3929e-05,  9.7288e-06,  9.9996e-01],
        [ 1.0262e-05,  6.8165e-06,  9.9998e-01],
        [ 1.0001e+00, -2.9583e-05, -4.3425e-05],
        ...,
        [ 1.0000e+00,  5.5809e-10, -6.5020e-09],
        [ 6.7046e-09,  2.5153e-09,  1.0000e+00],
        [-2.7281e-10,  2.2641e-09,  1.0000e+00]], device='cuda:3',
       requires_grad=True)Parameter containing:
tensor([[ 2.9775e-05,  1.0654e-05,  9.9995e-01],
        [ 1.1980e-05,  7.8714e-06,  9.9998e-01],
        [ 1.0001e+00, -3.2954e-05, -5.2885e-05],
        ...,
        [ 9.9999e-01,  6.7565e-10, -7.4223e-09],
        [ 7.3553e-09,  2.8478e-09,  9.9999e-01],
        [ 7.7098e-11,  2.6632e-09,  9.9999e-01]], device='cuda:3',
       requires_grad=True)Parameter containing:
tensor([[ 3.6662e-05,  1.1745e-05,  9.9995e-01],
        [ 1.5071e-05,  8.9323e-06,  9.9997e-01],
        [ 1.0001e+00, -3.6926e-05, -6.4029e-05],
        ...,
        [ 9.9999e-01,  8.1414e-10, -8.5065e-09],
        [ 8.1218e-09,  3.2395e-09,  9.9999e-01],
        [ 8.0768e-10,  3.0612e-09,  9.9999e-01]], device='cuda:3',
       requires_grad=True)Parameter containing:
tensor([[ 4.5356e-05,  1.4319e-05,  9.9993e-01],
        [ 1.8878e-05,  1.0408e-05,  9.9996e-01],
        [ 1.0001e+00, -3.9679e-05, -8.0899e-05],
        ...,
        [ 9.9999e-01,  9.6532e-10, -9.6902e-09],
        [ 8.9587e-09,  3.6672e-09,  9.9999e-01],
        [ 1.6052e-09,  3.4957e-09,  9.9999e-01]], device='cuda:3',
       requires_grad=True)Parameter containing:
tensor([[ 5.4949e-05,  1.6555e-05,  9.9992e-01],
        [ 2.2820e-05,  1.1966e-05,  9.9996e-01],
        [ 1.0001e+00, -4.8009e-05, -1.0530e-04],
        ...,
        [ 9.9999e-01,  1.1204e-09, -1.0904e-08],
        [ 9.8167e-09,  4.1057e-09,  9.9999e-01],
        [ 2.4230e-09,  3.9412e-09,  9.9999e-01]], device='cuda:3',
       requires_grad=True)Parameter containing:
tensor([[ 6.5999e-05,  1.9466e-05,  9.9990e-01],
        [ 2.7506e-05,  1.2938e-05,  9.9995e-01],
        [ 1.0002e+00, -5.6094e-05, -1.2898e-04],
        ...,
        [ 9.9999e-01,  5.4224e-10, -1.1683e-08],
        [ 1.0650e-08,  4.5313e-09,  9.9999e-01],
        [ 3.9481e-09,  4.1220e-09,  9.9999e-01]], device='cuda:3',
       requires_grad=True)Parameter containing:
tensor([[ 7.7176e-05,  2.4350e-05,  9.9989e-01],
        [ 3.2093e-05,  1.3749e-05,  9.9994e-01],
        [ 1.0002e+00, -6.2047e-05, -1.5629e-04],
        ...,
        [ 9.9999e-01,  8.8839e-12, -1.2402e-08],
        [ 1.1418e-08,  4.9240e-09,  9.9999e-01],
        [ 5.1720e-09,  4.9760e-09,  9.9999e-01]], device='cuda:3',
       requires_grad=True)Parameter containing:
tensor([[ 8.7535e-05,  3.0460e-05,  9.9987e-01],
        [ 3.7094e-05,  1.5483e-05,  9.9993e-01],
        [ 1.0002e+00, -6.8837e-05, -1.8115e-04],
        ...,
        [ 9.9999e-01, -1.2170e-09, -1.2598e-08],
        [ 1.2093e-08,  5.2688e-09,  9.9999e-01],
        [ 5.6633e-09,  6.4748e-09,  9.9999e-01]], device='cuda:3',
       requires_grad=True)Parameter containing:
tensor([[ 9.7399e-05,  3.8463e-05,  9.9985e-01],
        [ 4.1779e-05,  1.7258e-05,  9.9992e-01],
        [ 1.0003e+00, -7.9103e-05, -2.0863e-04],
        ...,
        [ 9.9998e-01, -2.8886e-09, -1.2551e-08],
        [ 1.2656e-08,  5.5565e-09,  9.9998e-01],
        [ 6.0733e-09,  7.7255e-09,  9.9998e-01]], device='cuda:3',
       requires_grad=True)Parameter containing:
tensor([[ 1.0649e-04,  4.6373e-05,  9.9983e-01],
        [ 4.5891e-05,  1.8549e-05,  9.9992e-01],
        [ 1.0003e+00, -8.9507e-05, -2.3482e-04],
        ...,
        [ 9.9998e-01, -4.7794e-09, -1.2229e-08],
        [ 1.3100e-08,  5.7838e-09,  9.9998e-01],
        [ 6.1248e-09,  9.3424e-09,  9.9998e-01]], device='cuda:3',
       requires_grad=True)Parameter containing:
tensor([[ 1.1405e-04,  5.3265e-05,  9.9981e-01],
        [ 4.9098e-05,  1.9403e-05,  9.9991e-01],
        [ 1.0003e+00, -9.7227e-05, -2.5426e-04],
        ...,
        [ 9.9998e-01, -6.0947e-09, -1.2515e-08],
        [ 1.3430e-08,  5.9524e-09,  9.9998e-01],
        [ 6.1631e-09,  1.0542e-08,  9.9998e-01]], device='cuda:3',
       requires_grad=True)Parameter containing:
tensor([[ 1.1925e-04,  5.8005e-05,  9.9980e-01],
        [ 5.1662e-05,  1.9790e-05,  9.9991e-01],
        [ 1.0004e+00, -1.0682e-04, -2.7109e-04],
        ...,
        [ 9.9998e-01, -7.4045e-09, -1.2559e-08],
        [ 1.4056e-08,  5.9349e-09,  9.9998e-01],
        [ 6.4708e-09,  1.1276e-08,  9.9998e-01]], device='cuda:3',
       requires_grad=True)Parameter containing:
tensor([[ 1.2248e-04,  6.0952e-05,  9.9980e-01],
        [ 5.3351e-05,  2.0228e-05,  9.9991e-01],
        [ 1.0004e+00, -1.1321e-04, -2.8243e-04],
        ...,
        [ 9.9998e-01, -8.5021e-09, -1.2450e-08],
        [ 1.4720e-08,  5.8029e-09,  9.9998e-01],
        [ 6.9463e-09,  1.1659e-08,  9.9998e-01]], device='cuda:3',
       requires_grad=True)Parameter containing:
tensor([[ 1.2446e-04,  6.2947e-05,  9.9979e-01],
        [ 5.4314e-05,  2.0442e-05,  9.9990e-01],
        [ 1.0004e+00, -1.1663e-04, -2.8855e-04],
        ...,
        [ 9.9998e-01, -9.0173e-09, -1.2551e-08],
        [ 1.5076e-08,  5.7321e-09,  9.9998e-01],
        [ 7.1627e-09,  1.1995e-08,  9.9998e-01]], device='cuda:3',
       requires_grad=True)Parameter containing:
tensor([[ 1.2546e-04,  6.3929e-05,  9.9979e-01],
        [ 5.4807e-05,  2.0566e-05,  9.9990e-01],
        [ 1.0004e+00, -1.1816e-04, -2.9091e-04],
        ...,
        [ 9.9998e-01, -9.2039e-09, -1.2667e-08],
        [ 1.5225e-08,  5.7026e-09,  9.9998e-01],
        [ 7.2530e-09,  1.2135e-08,  9.9998e-01]], device='cuda:3',
       requires_grad=True)Parameter containing:
tensor([[ 1.2576e-04,  6.4179e-05,  9.9979e-01],
        [ 5.4921e-05,  2.0595e-05,  9.9990e-01],
        [ 1.0004e+00, -1.1862e-04, -2.9150e-04],
        ...,
        [ 9.9998e-01, -9.2650e-09, -1.2685e-08],
        [ 1.5259e-08,  5.6958e-09,  9.9998e-01],
        [ 7.2738e-09,  1.2168e-08,  9.9998e-01]], device='cuda:3',
       requires_grad=True)Parameter containing:
tensor([[ 1.2576e-04,  6.4179e-05,  9.9979e-01],
        [ 5.4921e-05,  2.0595e-05,  9.9990e-01],
        [ 1.0004e+00, -1.1862e-04, -2.9150e-04],
        ...,
        [ 9.9998e-01, -9.2650e-09, -1.2685e-08],
        [ 1.5259e-08,  5.6958e-09,  9.9998e-01],
        [ 7.2738e-09,  1.2168e-08,  9.9998e-01]], device='cuda:3',
       requires_grad=True)Parameter containing:
tensor([[ 1.2607e-04,  6.4441e-05,  9.9979e-01],
        [ 5.5012e-05,  2.0617e-05,  9.9990e-01],
        [ 1.0004e+00, -1.1900e-04, -2.9199e-04],
        ...,
        [ 9.9998e-01, -9.3145e-09, -1.2699e-08],
        [ 1.5275e-08,  5.7241e-09,  9.9998e-01],
        [ 7.3103e-09,  1.2200e-08,  9.9998e-01]], device='cuda:3',
       requires_grad=True)Parameter containing:
tensor([[ 1.2717e-04,  6.5361e-05,  9.9979e-01],
        [ 5.5385e-05,  2.0674e-05,  9.9990e-01],
        [ 1.0004e+00, -1.2064e-04, -2.9385e-04],
        ...,
        [ 9.9998e-01, -9.5734e-09, -1.2731e-08],
        [ 1.5329e-08,  5.8238e-09,  9.9998e-01],
        [ 7.5244e-09,  1.2296e-08,  9.9998e-01]], device='cuda:3',
       requires_grad=True)Parameter containing:
tensor([[ 1.2951e-04,  6.7721e-05,  9.9978e-01],
        [ 5.6279e-05,  2.0998e-05,  9.9990e-01],
        [ 1.0004e+00, -1.2437e-04, -2.9814e-04],
        ...,
        [ 9.9998e-01, -1.0076e-08, -1.2794e-08],
        [ 1.5623e-08,  6.0037e-09,  9.9998e-01],
        [ 7.8864e-09,  1.2669e-08,  9.9998e-01]], device='cuda:3',
       requires_grad=True)Parameter containing:
tensor([[ 1.3353e-04,  7.1063e-05,  9.9977e-01],
        [ 5.7472e-05,  2.1082e-05,  9.9990e-01],
        [ 1.0004e+00, -1.3200e-04, -3.0979e-04],
        ...,
        [ 9.9998e-01, -1.0774e-08, -1.3206e-08],
        [ 1.5913e-08,  6.5885e-09,  9.9998e-01],
        [ 8.4327e-09,  1.3231e-08,  9.9998e-01]], device='cuda:3',
       requires_grad=True)Parameter containing:
tensor([[ 1.3948e-04,  7.6439e-05,  9.9976e-01],
        [ 5.9616e-05,  2.1624e-05,  9.9990e-01],
        [ 1.0004e+00, -1.4393e-04, -3.2835e-04],
        ...,
        [ 9.9998e-01, -1.2154e-08, -1.3602e-08],
        [ 1.6292e-08,  7.3502e-09,  9.9998e-01],
        [ 9.1441e-09,  1.3964e-08,  9.9998e-01]], device='cuda:3',
       requires_grad=True)Parameter containing:
tensor([[ 1.4649e-04,  8.2774e-05,  9.9975e-01],
        [ 6.2362e-05,  2.2231e-05,  9.9989e-01],
        [ 1.0005e+00, -1.5959e-04, -3.5280e-04],
        ...,
        [ 9.9998e-01, -1.4391e-08, -1.3765e-08],
        [ 1.6737e-08,  8.2476e-09,  9.9998e-01],
        [ 9.9823e-09,  1.4827e-08,  9.9998e-01]], device='cuda:3',
       requires_grad=True)Parameter containing:
tensor([[ 1.5705e-04,  9.2012e-05,  9.9972e-01],
        [ 6.6041e-05,  2.4504e-05,  9.9988e-01],
        [ 1.0005e+00, -1.7668e-04, -3.7949e-04],
        ...,
        [ 9.9997e-01, -1.6349e-08, -1.4721e-08],
        [ 1.7224e-08,  9.2273e-09,  9.9997e-01],
        [ 1.1645e-08,  1.5434e-08,  9.9997e-01]], device='cuda:3',
       requires_grad=True)Parameter containing:
tensor([[ 1.7110e-04,  9.9758e-05,  9.9970e-01],
        [ 7.0384e-05,  2.7443e-05,  9.9987e-01],
        [ 1.0006e+00, -1.9736e-04, -4.0987e-04],
        ...,
        [ 9.9997e-01, -1.8356e-08, -1.5701e-08],
        [ 1.7723e-08,  1.0232e-08,  9.9997e-01],
        [ 1.3350e-08,  1.6058e-08,  9.9997e-01]], device='cuda:3',
       requires_grad=True)Parameter containing:
tensor([[ 1.9110e-04,  1.0481e-04,  9.9967e-01],
        [ 7.6500e-05,  2.9306e-05,  9.9986e-01],
        [ 1.0006e+00, -2.1800e-04, -4.3731e-04],
        ...,
        [ 9.9997e-01, -1.9768e-08, -1.7647e-08],
        [ 1.8207e-08,  1.1207e-08,  9.9997e-01],
        [ 1.5005e-08,  1.6662e-08,  9.9997e-01]], device='cuda:3',
       requires_grad=True)Parameter containing:
tensor([[ 2.0956e-04,  1.0948e-04,  9.9965e-01],
        [ 8.3692e-05,  3.2516e-05,  9.9985e-01],
        [ 1.0007e+00, -2.4535e-04, -4.7523e-04],
        ...,
        [ 9.9997e-01, -2.1070e-08, -1.9441e-08],
        [ 1.8654e-08,  1.2106e-08,  9.9997e-01],
        [ 1.6532e-08,  1.7220e-08,  9.9997e-01]], device='cuda:3',
       requires_grad=True)Parameter containing:
tensor([[ 2.2647e-04,  1.1512e-04,  9.9962e-01],
        [ 9.0294e-05,  3.5728e-05,  9.9984e-01],
        [ 1.0008e+00, -2.7787e-04, -5.2096e-04],
        ...,
        [ 9.9997e-01, -2.3219e-08, -2.0524e-08],
        [ 2.0007e-08,  1.2375e-08,  9.9997e-01],
        [ 1.7872e-08,  1.7710e-08,  9.9997e-01]], device='cuda:3',
       requires_grad=True)Parameter containing:
tensor([[ 2.4058e-04,  1.1983e-04,  9.9960e-01],
        [ 9.6043e-05,  3.8486e-05,  9.9983e-01],
        [ 1.0008e+00, -3.0507e-04, -5.5885e-04],
        ...,
        [ 9.9996e-01, -2.5013e-08, -2.1428e-08],
        [ 2.2050e-08,  1.2161e-08,  9.9996e-01],
        [ 1.8991e-08,  1.8119e-08,  9.9996e-01]], device='cuda:3',
       requires_grad=True)Parameter containing:
tensor([[ 2.5307e-04,  1.2543e-04,  9.9958e-01],
        [ 1.0059e-04,  4.0665e-05,  9.9982e-01],
        [ 1.0009e+00, -3.3248e-04, -5.9236e-04],
        ...,
        [ 9.9996e-01, -2.6430e-08, -2.2141e-08],
        [ 2.3663e-08,  1.1992e-08,  9.9996e-01],
        [ 1.9875e-08,  1.8442e-08,  9.9996e-01]], device='cuda:3',
       requires_grad=True)Parameter containing:
tensor([[ 2.6382e-04,  1.3039e-04,  9.9957e-01],
        [ 1.0436e-04,  4.3683e-05,  9.9981e-01],
        [ 1.0009e+00, -3.5711e-04, -6.1852e-04],
        ...,
        [ 9.9996e-01, -2.8156e-08, -2.2515e-08],
        [ 2.4860e-08,  1.1866e-08,  9.9996e-01],
        [ 2.0530e-08,  1.8682e-08,  9.9996e-01]], device='cuda:3',
       requires_grad=True)Parameter containing:
tensor([[ 2.7178e-04,  1.3485e-04,  9.9955e-01],
        [ 1.0802e-04,  4.6515e-05,  9.9981e-01],
        [ 1.0010e+00, -3.7404e-04, -6.3652e-04],
        ...,
        [ 9.9996e-01, -2.9343e-08, -2.2772e-08],
        [ 2.5683e-08,  1.1780e-08,  9.9996e-01],
        [ 2.0981e-08,  1.8846e-08,  9.9996e-01]], device='cuda:3',
       requires_grad=True)Parameter containing:
tensor([[ 2.7672e-04,  1.3763e-04,  9.9955e-01],
        [ 1.1061e-04,  4.8087e-05,  9.9980e-01],
        [ 1.0010e+00, -3.8457e-04, -6.4771e-04],
        ...,
        [ 9.9996e-01, -3.0295e-08, -2.2892e-08],
        [ 2.6195e-08,  1.1726e-08,  9.9996e-01],
        [ 2.1262e-08,  1.8949e-08,  9.9996e-01]], device='cuda:3',
       requires_grad=True)Parameter containing:
tensor([[ 2.8015e-04,  1.3905e-04,  9.9954e-01],
        [ 1.1201e-04,  4.8931e-05,  9.9980e-01],
        [ 1.0010e+00, -3.9058e-04, -6.5399e-04],
        ...,
        [ 9.9996e-01, -3.1057e-08, -2.2836e-08],
        [ 2.6470e-08,  1.1697e-08,  9.9996e-01],
        [ 2.1412e-08,  1.9004e-08,  9.9996e-01]], device='cuda:3',
       requires_grad=True)Parameter containing:
tensor([[ 2.8166e-04,  1.3989e-04,  9.9954e-01],
        [ 1.1264e-04,  4.9269e-05,  9.9980e-01],
        [ 1.0010e+00, -3.9302e-04, -6.5703e-04],
        ...,
        [ 9.9996e-01, -3.1367e-08, -2.2932e-08],
        [ 2.6573e-08,  1.1766e-08,  9.9996e-01],
        [ 2.1456e-08,  1.9064e-08,  9.9996e-01]], device='cuda:3',
       requires_grad=True)Parameter containing:
tensor([[1., 0., 0.],
        [0., 0., 1.],
        [1., 0., 0.],
        ...,
        [0., 0., 1.],
        [1., 0., 0.],
        [0., 0., 1.]], device='cuda:3', requires_grad=True)Parameter containing:
tensor([[ 1.0000e+00, -7.0382e-06, -1.3665e-06],
        [-4.4462e-10,  7.7804e-10,  1.0000e+00],
        [ 1.0000e+00, -8.0675e-10,  1.5401e-10],
        ...,
        [-2.2742e-10,  8.1838e-10,  1.0000e+00],
        [ 1.0000e+00, -8.1990e-10,  3.4649e-10],
        [ 0.0000e+00,  0.0000e+00,  1.0000e+00]], device='cuda:3',
       requires_grad=True)Parameter containing:
tensor([[ 1.0000e+00, -2.1747e-05,  9.5537e-06],
        [-5.0239e-08,  2.5604e-08,  1.0000e+00],
        [ 1.0000e+00, -1.0745e-06, -6.9851e-07],
        ...,
        [-4.2708e-10,  1.5369e-09,  1.0000e+00],
        [ 1.0000e+00, -1.5398e-09,  6.5071e-10],
        [ 0.0000e+00,  0.0000e+00,  1.0000e+00]], device='cuda:3',
       requires_grad=True)Parameter containing:
tensor([[ 1.0000e+00, -3.5839e-05,  1.8268e-05],
        [-9.1924e-08,  4.6614e-08,  1.0000e+00],
        [ 1.0000e+00, -1.9709e-06, -1.2814e-06],
        ...,
        [-5.9370e-10,  2.1365e-09,  1.0000e+00],
        [ 1.0000e+00, -2.0360e-09,  6.9106e-10],
        [ 3.6333e-10, -2.0754e-10,  1.0000e+00]], device='cuda:3',
       requires_grad=True)Parameter containing:
tensor([[ 1.0000e+00, -4.6710e-05,  2.5757e-05],
        [ 5.7196e-07,  9.8199e-07,  1.0000e+00],
        [ 1.0000e+00, -5.2630e-06,  4.8710e-06],
        ...,
        [-7.2531e-10,  2.6101e-09,  1.0000e+00],
        [ 1.0000e+00, -2.4280e-09,  7.2294e-10],
        [ 5.1621e-10, -9.4869e-11,  1.0000e+00]], device='cuda:3',
       requires_grad=True)Parameter containing:
tensor([[ 1.0000e+00, -5.8868e-05,  3.8530e-05],
        [ 1.5932e-06,  2.0417e-06,  9.9999e-01],
        [ 1.0000e+00, -7.6430e-06,  9.5442e-06],
        ...,
        [-8.2297e-10,  2.9616e-09,  1.0000e+00],
        [ 1.0000e+00, -2.7189e-09,  7.4660e-10],
        [ 9.1068e-10, -1.1755e-10,  1.0000e+00]], device='cuda:3',
       requires_grad=True)Parameter containing:
tensor([[ 1.0000e+00, -7.0000e-05,  5.8414e-05],
        [ 2.3891e-06,  2.8251e-06,  9.9999e-01],
        [ 9.9999e-01, -8.6000e-06,  1.3551e-05],
        ...,
        [-8.9011e-10,  3.2032e-09,  1.0000e+00],
        [ 1.0000e+00, -3.1338e-09,  8.4938e-10],
        [ 1.1819e-09, -1.3315e-10,  1.0000e+00]], device='cuda:3',
       requires_grad=True)Parameter containing:
tensor([[ 1.0000e+00, -7.8764e-05,  7.7118e-05],
        [ 3.2919e-06,  3.1385e-06,  9.9999e-01],
        [ 9.9999e-01, -9.1954e-06,  1.6043e-05],
        ...,
        [-7.8713e-10,  3.2776e-09,  1.0000e+00],
        [ 1.0000e+00, -3.3919e-09,  9.1330e-10],
        [ 1.3505e-09, -1.4285e-10,  1.0000e+00]], device='cuda:3',
       requires_grad=True)Parameter containing:
tensor([[ 9.9999e-01, -8.3469e-05,  8.7160e-05],
        [ 3.8493e-06,  3.2735e-06,  9.9999e-01],
        [ 9.9999e-01, -9.5151e-06,  1.7381e-05],
        ...,
        [-7.3183e-10,  3.3175e-09,  1.0000e+00],
        [ 1.0000e+00, -3.5305e-09,  9.4761e-10],
        [ 1.4411e-09, -1.4806e-10,  1.0000e+00]], device='cuda:3',
       requires_grad=True)Parameter containing:
tensor([[ 9.9999e-01, -8.5902e-05,  9.2568e-05],
        [ 4.1322e-06,  3.3913e-06,  9.9999e-01],
        [ 9.9999e-01, -9.6484e-06,  1.7939e-05],
        ...,
        [-7.0878e-10,  3.3341e-09,  1.0000e+00],
        [ 1.0000e+00, -3.6299e-09,  9.8053e-10],
        [ 1.4789e-09, -1.5023e-10,  1.0000e+00]], device='cuda:3',
       requires_grad=True)Parameter containing:
tensor([[ 9.9999e-01, -8.6463e-05,  9.3816e-05],
        [ 4.1975e-06,  3.4185e-06,  9.9999e-01],
        [ 9.9999e-01, -9.6703e-06,  1.8077e-05],
        ...,
        [-7.0768e-10,  3.3484e-09,  1.0000e+00],
        [ 1.0000e+00, -3.6528e-09,  9.8813e-10],
        [ 1.4876e-09, -1.5073e-10,  1.0000e+00]], device='cuda:3',
       requires_grad=True)Parameter containing:
tensor([[ 9.9999e-01, -8.6463e-05,  9.3816e-05],
        [ 4.1975e-06,  3.4185e-06,  9.9999e-01],
        [ 9.9999e-01, -9.6703e-06,  1.8077e-05],
        ...,
        [-7.0768e-10,  3.3484e-09,  1.0000e+00],
        [ 1.0000e+00, -3.6528e-09,  9.8813e-10],
        [ 1.4876e-09, -1.5073e-10,  1.0000e+00]], device='cuda:3',
       requires_grad=True)Parameter containing:
tensor([[ 9.9999e-01, -8.6991e-05,  9.5114e-05],
        [ 4.3060e-06,  3.4243e-06,  9.9999e-01],
        [ 9.9999e-01, -9.9946e-06,  1.8986e-05],
        ...,
        [-6.9880e-10,  3.3597e-09,  1.0000e+00],
        [ 1.0000e+00, -3.6664e-09,  9.8379e-10],
        [ 1.4946e-09, -1.5114e-10,  1.0000e+00]], device='cuda:3',
       requires_grad=True)Parameter containing:
tensor([[ 9.9999e-01, -8.8846e-05,  9.9675e-05],
        [ 4.6872e-06,  3.4447e-06,  9.9999e-01],
        [ 9.9998e-01, -1.1857e-05,  2.4063e-05],
        ...,
        [-6.2511e-10,  3.3687e-09,  1.0000e+00],
        [ 1.0000e+00, -3.7555e-09,  9.8143e-10],
        [ 1.5612e-09, -1.6687e-10,  1.0000e+00]], device='cuda:3',
       requires_grad=True)Parameter containing:
tensor([[ 9.9998e-01, -9.2104e-05,  1.0876e-04],
        [ 5.5896e-06,  3.4436e-06,  9.9999e-01],
        [ 9.9998e-01, -1.5208e-05,  3.4524e-05],
        ...,
        [-4.8196e-10,  3.3864e-09,  1.0000e+00],
        [ 1.0000e+00, -4.0198e-09,  1.0352e-09],
        [ 1.6905e-09, -1.9744e-10,  1.0000e+00]], device='cuda:3',
       requires_grad=True)Parameter containing:
tensor([[ 9.9997e-01, -9.7615e-05,  1.2221e-04],
        [ 6.9509e-06,  3.4422e-06,  9.9999e-01],
        [ 9.9997e-01, -2.0262e-05,  5.0306e-05],
        ...,
        [-3.0378e-10,  3.5660e-09,  1.0000e+00],
        [ 1.0000e+00, -4.3547e-09,  9.6966e-10],
        [ 1.8856e-09, -2.4356e-10,  1.0000e+00]], device='cuda:3',
       requires_grad=True)Parameter containing:
tensor([[ 9.9995e-01, -1.0971e-04,  1.5063e-04],
        [ 9.2734e-06,  4.0809e-06,  9.9998e-01],
        [ 9.9995e-01, -3.0408e-05,  7.8915e-05],
        ...,
        [-7.1695e-11,  3.7999e-09,  9.9999e-01],
        [ 9.9999e-01, -5.0118e-09,  1.0189e-09],
        [ 2.1397e-09, -3.0363e-10,  9.9999e-01]], device='cuda:3',
       requires_grad=True)Parameter containing:
tensor([[ 9.9993e-01, -1.2395e-04,  1.8411e-04],
        [ 1.3165e-05,  4.6367e-06,  9.9998e-01],
        [ 9.9992e-01, -4.2361e-05,  1.1262e-04],
        ...,
        [ 2.0172e-10,  4.0755e-09,  9.9999e-01],
        [ 9.9999e-01, -5.7860e-09,  1.0769e-09],
        [ 2.2904e-09, -7.5190e-11,  9.9999e-01]], device='cuda:3',
       requires_grad=True)Parameter containing:
tensor([[ 9.9991e-01, -1.4091e-04,  2.1947e-04],
        [ 1.8117e-05,  5.7606e-06,  9.9997e-01],
        [ 9.9989e-01, -5.8739e-05,  1.5930e-04],
        ...,
        [ 5.0020e-10,  4.3764e-09,  9.9999e-01],
        [ 9.9999e-01, -6.6311e-09,  1.1402e-09],
        [ 2.3242e-09,  5.2336e-10,  9.9999e-01]], device='cuda:3',
       requires_grad=True)Parameter containing:
tensor([[ 9.9989e-01, -1.5909e-04,  2.5541e-04],
        [ 2.4088e-05,  7.9316e-06,  9.9996e-01],
        [ 9.9986e-01, -7.6002e-05,  2.0657e-04],
        ...,
        [ 8.0627e-10,  4.6849e-09,  9.9999e-01],
        [ 9.9999e-01, -7.4976e-09,  1.2051e-09],
        [ 2.3588e-09,  1.1371e-09,  9.9999e-01]], device='cuda:3',
       requires_grad=True)Parameter containing:
tensor([[ 9.9988e-01, -1.7715e-04,  2.8875e-04],
        [ 3.0617e-05,  9.5781e-06,  9.9995e-01],
        [ 9.9983e-01, -9.2758e-05,  2.5245e-04],
        ...,
        [ 1.5042e-09,  4.8817e-09,  9.9999e-01],
        [ 9.9999e-01, -8.3388e-09,  1.2681e-09],
        [ 2.3924e-09,  1.7329e-09,  9.9999e-01]], device='cuda:3',
       requires_grad=True)Parameter containing:
tensor([[ 9.9985e-01, -2.0993e-04,  3.4812e-04],
        [ 3.7466e-05,  1.0828e-05,  9.9994e-01],
        [ 9.9978e-01, -1.1629e-04,  3.2400e-04],
        ...,
        [ 2.1481e-09,  5.0633e-09,  9.9999e-01],
        [ 9.9999e-01, -9.1148e-09,  1.3262e-09],
        [ 2.4234e-09,  2.2825e-09,  9.9999e-01]], device='cuda:3',
       requires_grad=True)Parameter containing:
tensor([[ 9.9982e-01, -2.5006e-04,  4.1753e-04],
        [ 4.4491e-05,  1.2988e-05,  9.9993e-01],
        [ 9.9973e-01, -1.3643e-04,  3.8711e-04],
        ...,
        [ 2.7134e-09,  5.2227e-09,  9.9999e-01],
        [ 9.9999e-01, -1.0230e-08,  1.5686e-09],
        [ 2.4506e-09,  2.7651e-09,  9.9999e-01]], device='cuda:3',
       requires_grad=True)Parameter containing:
tensor([[ 9.9979e-01, -2.8355e-04,  4.7545e-04],
        [ 5.1177e-05,  1.5316e-05,  9.9992e-01],
        [ 9.9970e-01, -1.5434e-04,  4.3816e-04],
        ...,
        [ 3.0365e-09,  5.7785e-09,  9.9998e-01],
        [ 9.9998e-01, -1.0956e-08,  1.3441e-09],
        [ 2.4734e-09,  3.1677e-09,  9.9998e-01]], device='cuda:3',
       requires_grad=True)Parameter containing:
tensor([[ 9.9976e-01, -3.1522e-04,  5.3393e-04],
        [ 5.7110e-05,  1.6981e-05,  9.9991e-01],
        [ 9.9967e-01, -1.6845e-04,  4.7855e-04],
        ...,
        [ 3.2918e-09,  6.2176e-09,  9.9998e-01],
        [ 9.9998e-01, -1.1387e-08,  7.8774e-10],
        [ 2.4913e-09,  3.4858e-09,  9.9998e-01]], device='cuda:3',
       requires_grad=True)Parameter containing:
tensor([[ 9.9974e-01, -3.3860e-04,  5.7741e-04],
        [ 6.2675e-05,  1.7430e-05,  9.9990e-01],
        [ 9.9965e-01, -1.7893e-04,  5.0852e-04],
        ...,
        [ 3.4812e-09,  6.5434e-09,  9.9998e-01],
        [ 9.9998e-01, -1.1707e-08,  3.7493e-10],
        [ 2.4284e-09,  4.0446e-09,  9.9998e-01]], device='cuda:3',
       requires_grad=True)Parameter containing:
tensor([[ 9.9973e-01, -3.5467e-04,  6.0731e-04],
        [ 6.7014e-05,  1.7453e-05,  9.9990e-01],
        [ 9.9964e-01, -1.8698e-04,  5.2843e-04],
        ...,
        [ 3.6114e-09,  6.7674e-09,  9.9998e-01],
        [ 9.9998e-01, -1.1825e-08, -1.5876e-10],
        [ 2.5809e-09,  4.3659e-09,  9.9998e-01]], device='cuda:3',
       requires_grad=True)Parameter containing:
tensor([[ 9.9972e-01, -3.6467e-04,  6.2590e-04],
        [ 6.9971e-05,  1.8011e-05,  9.9989e-01],
        [ 9.9963e-01, -1.9187e-04,  5.4107e-04],
        ...,
        [ 3.6923e-09,  6.9067e-09,  9.9998e-01],
        [ 9.9998e-01, -1.1899e-08, -4.9066e-10],
        [ 2.6757e-09,  4.5657e-09,  9.9998e-01]], device='cuda:3',
       requires_grad=True)Parameter containing:
tensor([[ 9.9971e-01, -3.7120e-04,  6.3830e-04],
        [ 7.1881e-05,  1.8189e-05,  9.9989e-01],
        [ 9.9962e-01, -1.9475e-04,  5.5006e-04],
        ...,
        [ 3.7358e-09,  6.9815e-09,  9.9998e-01],
        [ 9.9998e-01, -1.1888e-08, -7.7365e-10],
        [ 2.7267e-09,  4.6730e-09,  9.9998e-01]], device='cuda:3',
       requires_grad=True)Parameter containing:
tensor([[ 9.9971e-01, -3.7393e-04,  6.4346e-04],
        [ 7.2708e-05,  1.8274e-05,  9.9989e-01],
        [ 9.9962e-01, -1.9680e-04,  5.5532e-04],
        ...,
        [ 3.7362e-09,  7.0612e-09,  9.9998e-01],
        [ 9.9998e-01, -1.1883e-08, -8.9166e-10],
        [ 2.7479e-09,  4.7177e-09,  9.9998e-01]], device='cuda:3',
       requires_grad=True)Parameter containing:
tensor([[ 9.9971e-01, -3.7458e-04,  6.4460e-04],
        [ 7.2899e-05,  1.8294e-05,  9.9989e-01],
        [ 9.9962e-01, -1.9732e-04,  5.5651e-04],
        ...,
        [ 3.7363e-09,  7.0795e-09,  9.9998e-01],
        [ 9.9998e-01, -1.1882e-08, -9.1888e-10],
        [ 2.7528e-09,  4.7280e-09,  9.9998e-01]], device='cuda:3',
       requires_grad=True)Parameter containing:
tensor([[ 9.9971e-01, -3.7458e-04,  6.4460e-04],
        [ 7.2899e-05,  1.8294e-05,  9.9989e-01],
        [ 9.9962e-01, -1.9732e-04,  5.5651e-04],
        ...,
        [ 3.7363e-09,  7.0795e-09,  9.9998e-01],
        [ 9.9998e-01, -1.1882e-08, -9.1888e-10],
        [ 2.7528e-09,  4.7280e-09,  9.9998e-01]], device='cuda:3',
       requires_grad=True)Parameter containing:
tensor([[ 9.9971e-01, -3.7528e-04,  6.4585e-04],
        [ 7.3077e-05,  1.8356e-05,  9.9989e-01],
        [ 9.9962e-01, -1.9775e-04,  5.5747e-04],
        ...,
        [ 3.7364e-09,  7.0944e-09,  9.9998e-01],
        [ 9.9998e-01, -1.1887e-08, -9.4946e-10],
        [ 2.7568e-09,  4.7364e-09,  9.9998e-01]], device='cuda:3',
       requires_grad=True)Parameter containing:
tensor([[ 9.9971e-01, -3.7774e-04,  6.5027e-04],
        [ 7.3664e-05,  1.8584e-05,  9.9989e-01],
        [ 9.9962e-01, -1.9939e-04,  5.6078e-04],
        ...,
        [ 3.7731e-09,  7.1328e-09,  9.9998e-01],
        [ 9.9998e-01, -1.1898e-08, -1.1002e-09],
        [ 2.7400e-09,  4.8149e-09,  9.9998e-01]], device='cuda:3',
       requires_grad=True)Parameter containing:
tensor([[ 9.9970e-01, -3.8252e-04,  6.5886e-04],
        [ 7.5021e-05,  1.9301e-05,  9.9988e-01],
        [ 9.9961e-01, -2.0300e-04,  5.6669e-04],
        ...,
        [ 3.9590e-09,  7.1653e-09,  9.9998e-01],
        [ 9.9998e-01, -1.1918e-08, -1.3931e-09],
        [ 2.6518e-09,  5.0824e-09,  9.9998e-01]], device='cuda:3',
       requires_grad=True)Parameter containing:
tensor([[ 9.9970e-01, -3.9047e-04,  6.7133e-04],
        [ 7.7521e-05,  2.1553e-05,  9.9988e-01],
        [ 9.9961e-01, -2.0892e-04,  5.7440e-04],
        ...,
        [ 4.1380e-09,  7.4094e-09,  9.9998e-01],
        [ 9.9998e-01, -1.1906e-08, -1.9694e-09],
        [ 2.5187e-09,  5.4860e-09,  9.9998e-01]], device='cuda:3',
       requires_grad=True)Parameter containing:
tensor([[ 9.9968e-01, -4.0483e-04,  6.9708e-04],
        [ 8.1241e-05,  2.4824e-05,  9.9987e-01],
        [ 9.9961e-01, -2.1669e-04,  5.8435e-04],
        ...,
        [ 4.6524e-09,  7.6157e-09,  9.9998e-01],
        [ 9.9998e-01, -1.2180e-08, -2.6528e-09],
        [ 2.6361e-09,  5.9413e-09,  9.9998e-01]], device='cuda:3',
       requires_grad=True)Parameter containing:
tensor([[ 9.9967e-01, -4.2231e-04,  7.2721e-04],
        [ 8.7109e-05,  2.8478e-05,  9.9986e-01],
        [ 9.9961e-01, -2.2610e-04,  5.9563e-04],
        ...,
        [ 5.2585e-09,  7.8588e-09,  9.9998e-01],
        [ 9.9998e-01, -1.2705e-08, -3.4278e-09],
        [ 2.7743e-09,  6.4776e-09,  9.9998e-01]], device='cuda:3',
       requires_grad=True)Parameter containing:
tensor([[ 9.9966e-01, -4.4408e-04,  7.5428e-04],
        [ 9.4689e-05,  3.5240e-05,  9.9984e-01],
        [ 9.9960e-01, -2.3639e-04,  6.0795e-04],
        ...,
        [ 5.6589e-09,  8.6026e-09,  9.9997e-01],
        [ 9.9997e-01, -1.3278e-08, -4.2738e-09],
        [ 3.3997e-09,  6.9059e-09,  9.9997e-01]], device='cuda:3',
       requires_grad=True)Parameter containing:
tensor([[ 9.9966e-01, -4.6579e-04,  7.8228e-04],
        [ 1.0308e-04,  4.2834e-05,  9.9983e-01],
        [ 9.9960e-01, -2.4654e-04,  6.2095e-04],
        ...,
        [ 6.6228e-09,  9.1506e-09,  9.9997e-01],
        [ 9.9997e-01, -1.3865e-08, -5.1413e-09],
        [ 4.5924e-09,  7.1521e-09,  9.9997e-01]], device='cuda:3',
       requires_grad=True)Parameter containing:
tensor([[ 9.9965e-01, -4.8544e-04,  8.1056e-04],
        [ 1.1468e-04,  4.8407e-05,  9.9981e-01],
        [ 9.9957e-01, -2.6490e-04,  6.6379e-04],
        ...,
        [ 7.5584e-09,  9.6826e-09,  9.9997e-01],
        [ 9.9997e-01, -1.4435e-08, -5.9834e-09],
        [ 5.5320e-09,  7.9995e-09,  9.9997e-01]], device='cuda:3',
       requires_grad=True)Parameter containing:
tensor([[ 9.9964e-01, -5.0357e-04,  8.3665e-04],
        [ 1.2645e-04,  5.4582e-05,  9.9979e-01],
        [ 9.9955e-01, -2.8339e-04,  7.0096e-04],
        ...,
        [ 8.4215e-09,  1.0173e-08,  9.9997e-01],
        [ 9.9997e-01, -1.4798e-08, -7.4000e-09],
        [ 6.3988e-09,  8.7814e-09,  9.9997e-01]], device='cuda:3',
       requires_grad=True)Parameter containing:
tensor([[ 9.9962e-01, -5.2471e-04,  8.6990e-04],
        [ 1.3742e-04,  6.0867e-05,  9.9977e-01],
        [ 9.9954e-01, -3.0141e-04,  7.3098e-04],
        ...,
        [ 9.1793e-09,  1.0604e-08,  9.9997e-01],
        [ 9.9997e-01, -1.5117e-08, -8.6437e-09],
        [ 7.1598e-09,  9.4678e-09,  9.9997e-01]], device='cuda:3',
       requires_grad=True)Parameter containing:
tensor([[ 9.9961e-01, -5.4235e-04,  8.9765e-04],
        [ 1.4994e-04,  6.7204e-05,  9.9975e-01],
        [ 9.9952e-01, -3.1888e-04,  7.6499e-04],
        ...,
        [ 9.5045e-09,  1.1563e-08,  9.9996e-01],
        [ 9.9996e-01, -1.5984e-08, -9.4037e-09],
        [ 7.7949e-09,  1.0041e-08,  9.9996e-01]], device='cuda:3',
       requires_grad=True)Parameter containing:
tensor([[ 9.9960e-01, -5.5629e-04,  9.1956e-04],
        [ 1.5983e-04,  7.2211e-05,  9.9973e-01],
        [ 9.9950e-01, -3.3268e-04,  7.9186e-04],
        ...,
        [ 9.7614e-09,  1.2320e-08,  9.9996e-01],
        [ 9.9996e-01, -1.6295e-08, -1.0548e-08],
        [ 8.2966e-09,  1.0493e-08,  9.9996e-01]], device='cuda:3',
       requires_grad=True)Parameter containing:
tensor([[ 9.9959e-01, -5.6541e-04,  9.3700e-04],
        [ 1.6760e-04,  7.7415e-05,  9.9972e-01],
        [ 9.9949e-01, -3.4114e-04,  8.1234e-04],
        ...,
        [ 1.0325e-08,  1.2813e-08,  9.9996e-01],
        [ 9.9996e-01, -1.6526e-08, -1.1396e-08],
        [ 8.4378e-09,  1.1288e-08,  9.9996e-01]], device='cuda:3',
       requires_grad=True)Parameter containing:
tensor([[ 9.9958e-01, -5.7247e-04,  9.4827e-04],
        [ 1.7341e-04,  8.1322e-05,  9.9971e-01],
        [ 9.9948e-01, -3.4695e-04,  8.2642e-04],
        ...,
        [ 1.0712e-08,  1.3153e-08,  9.9996e-01],
        [ 9.9996e-01, -1.6953e-08, -1.1784e-08],
        [ 8.3677e-09,  1.2164e-08,  9.9996e-01]], device='cuda:3',
       requires_grad=True)Parameter containing:
tensor([[ 9.9958e-01, -5.7686e-04,  9.5527e-04],
        [ 1.7758e-04,  8.3425e-05,  9.9970e-01],
        [ 9.9948e-01, -3.5057e-04,  8.3518e-04],
        ...,
        [ 1.0953e-08,  1.3364e-08,  9.9996e-01],
        [ 9.9996e-01, -1.7219e-08, -1.2025e-08],
        [ 8.3241e-09,  1.2708e-08,  9.9996e-01]], device='cuda:3',
       requires_grad=True)Parameter containing:
tensor([[ 9.9958e-01, -5.7944e-04,  9.5796e-04],
        [ 1.7982e-04,  8.4554e-05,  9.9970e-01],
        [ 9.9947e-01, -3.5319e-04,  8.3936e-04],
        ...,
        [ 1.1083e-08,  1.3477e-08,  9.9996e-01],
        [ 9.9996e-01, -1.7330e-08, -1.2280e-08],
        [ 8.3007e-09,  1.3001e-08,  9.9996e-01]], device='cuda:3',
       requires_grad=True)Parameter containing:
tensor([[ 9.9958e-01, -5.8135e-04,  9.6058e-04],
        [ 1.8096e-04,  8.4967e-05,  9.9969e-01],
        [ 9.9947e-01, -3.5449e-04,  8.4246e-04],
        ...,
        [ 1.1137e-08,  1.3524e-08,  9.9996e-01],
        [ 9.9996e-01, -1.7376e-08, -1.2387e-08],
        [ 8.2909e-09,  1.3123e-08,  9.9996e-01]], device='cuda:3',
       requires_grad=True)Parameter containing:
tensor([[0., 0., 1.],
        [0., 0., 1.],
        [1., 0., 0.],
        ...,
        [1., 0., 0.],
        [1., 0., 0.],
        [1., 0., 0.]], device='cuda:3', requires_grad=True)Parameter containing:
tensor([[-7.7194e-10,  1.3039e-09,  1.0000e+00],
        [-7.1487e-10,  1.2509e-09,  1.0000e+00],
        [ 1.0000e+00, -1.2971e-09,  2.4762e-10],
        ...,
        [ 1.0000e+00, -1.2967e-09,  7.9999e-10],
        [ 1.0000e+00, -3.7018e-10,  1.7301e-10],
        [ 1.0000e+00,  1.3899e-10, -3.2121e-10]], device='cuda:3',
       requires_grad=True)Parameter containing:
tensor([[ 6.4751e-06,  2.5368e-05,  9.9997e-01],
        [-8.0236e-05,  3.9212e-05,  1.0000e+00],
        [ 1.0001e+00, -3.6591e-05, -2.3827e-05],
        ...,
        [ 1.0000e+00, -2.4352e-09,  1.5024e-09],
        [ 1.0000e+00, -1.3703e-09,  7.2154e-10],
        [ 1.0000e+00,  2.6103e-10, -6.0323e-10]], device='cuda:3',
       requires_grad=True)Parameter containing:
tensor([[ 6.9609e-06,  5.0149e-05,  9.9994e-01],
        [-1.4719e-04,  7.1933e-05,  1.0001e+00],
        [ 1.0001e+00, -6.7124e-05, -4.3711e-05],
        ...,
        [ 1.0000e+00, -3.1250e-09,  1.4688e-09],
        [ 1.0000e+00, -1.9227e-09,  5.7676e-10],
        [ 1.0000e+00,  3.6286e-10, -8.3856e-10]], device='cuda:3',
       requires_grad=True)Parameter containing:
tensor([[ 3.1660e-05,  7.8016e-05,  9.9989e-01],
        [-1.6953e-04,  1.3806e-04,  1.0000e+00],
        [ 1.0002e+00, -8.4745e-05, -7.6050e-05],
        ...,
        [ 1.0000e+00, -3.5357e-09,  1.1405e-09],
        [ 1.0000e+00, -2.3591e-09,  4.6239e-10],
        [ 1.0000e+00, -1.0558e-10, -7.0350e-10]], device='cuda:3',
       requires_grad=True)Parameter containing:
tensor([[ 5.3626e-05,  1.0657e-04,  9.9984e-01],
        [-1.7760e-04,  1.9302e-04,  9.9998e-01],
        [ 1.0002e+00, -1.0562e-04, -1.1351e-04],
        ...,
        [ 1.0000e+00, -3.8405e-09,  8.9702e-10],
        [ 1.0000e+00, -2.6829e-09,  3.7754e-10],
        [ 1.0000e+00, -4.5316e-10, -6.0329e-10]], device='cuda:3',
       requires_grad=True)Parameter containing:
tensor([[ 7.3728e-05,  1.2896e-04,  9.9979e-01],
        [-1.7588e-04,  2.3505e-04,  9.9994e-01],
        [ 1.0003e+00, -1.2540e-04, -1.4561e-04],
        ...,
        [ 1.0000e+00, -3.9471e-09,  3.9000e-10],
        [ 1.0000e+00, -2.9055e-09,  3.1919e-10],
        [ 1.0000e+00, -1.0358e-09, -3.8830e-10]], device='cuda:3',
       requires_grad=True)Parameter containing:
tensor([[ 8.9044e-05,  1.4479e-04,  9.9976e-01],
        [-1.9142e-04,  2.6827e-04,  9.9992e-01],
        [ 1.0003e+00, -1.3770e-04, -1.6557e-04],
        ...,
        [ 1.0000e+00, -4.0134e-09,  7.4689e-11],
        [ 1.0000e+00, -3.0439e-09,  2.8291e-10],
        [ 1.0000e+00, -1.6304e-09, -1.3907e-10]], device='cuda:3',
       requires_grad=True)Parameter containing:
tensor([[ 9.7267e-05,  1.5329e-04,  9.9975e-01],
        [-2.1328e-04,  2.9227e-04,  9.9992e-01],
        [ 1.0003e+00, -1.4430e-04, -1.7629e-04],
        ...,
        [ 1.0000e+00, -4.0490e-09, -9.4603e-11],
        [ 1.0000e+00, -3.2626e-09,  3.4203e-10],
        [ 1.0000e+00, -1.9497e-09, -5.2588e-12]], device='cuda:3',
       requires_grad=True)Parameter containing:
tensor([[ 1.0174e-04,  1.5792e-04,  9.9974e-01],
        [-2.1938e-04,  3.0594e-04,  9.9991e-01],
        [ 1.0003e+00, -1.4706e-04, -1.8076e-04],
        ...,
        [ 1.0000e+00, -4.1291e-09, -1.4395e-10],
        [ 1.0000e+00, -3.3537e-09,  3.6668e-10],
        [ 1.0000e+00, -2.0828e-09,  5.0538e-11]], device='cuda:3',
       requires_grad=True)Parameter containing:
tensor([[ 1.0277e-04,  1.5899e-04,  9.9973e-01],
        [-2.2079e-04,  3.0910e-04,  9.9991e-01],
        [ 1.0003e+00, -1.4807e-04, -1.8221e-04],
        ...,
        [ 1.0000e+00, -4.1471e-09, -1.5974e-10],
        [ 1.0000e+00, -3.3748e-09,  3.7236e-10],
        [ 1.0000e+00, -2.1052e-09,  4.6950e-11]], device='cuda:3',
       requires_grad=True)Parameter containing:
tensor([[ 1.0277e-04,  1.5899e-04,  9.9973e-01],
        [-2.2079e-04,  3.0910e-04,  9.9991e-01],
        [ 1.0003e+00, -1.4807e-04, -1.8221e-04],
        ...,
        [ 1.0000e+00, -4.1471e-09, -1.5974e-10],
        [ 1.0000e+00, -3.3748e-09,  3.7236e-10],
        [ 1.0000e+00, -2.1052e-09,  4.6950e-11]], device='cuda:3',
       requires_grad=True)Parameter containing:
tensor([[ 1.0375e-04,  1.5993e-04,  9.9973e-01],
        [-2.2401e-04,  3.1224e-04,  9.9991e-01],
        [ 1.0003e+00, -1.4871e-04, -1.8387e-04],
        ...,
        [ 1.0000e+00, -4.1618e-09, -1.7253e-10],
        [ 1.0000e+00, -3.4240e-09,  3.9037e-10],
        [ 1.0000e+00, -2.1234e-09,  4.4044e-11]], device='cuda:3',
       requires_grad=True)Parameter containing:
tensor([[ 1.0717e-04,  1.6325e-04,  9.9973e-01],
        [-2.3532e-04,  3.2326e-04,  9.9991e-01],
        [ 1.0003e+00, -1.5029e-04, -1.9146e-04],
        ...,
        [ 1.0000e+00, -4.2131e-09, -2.1744e-10],
        [ 1.0000e+00, -3.5971e-09,  4.5361e-10],
        [ 1.0000e+00, -2.1872e-09,  3.3840e-11]], device='cuda:3',
       requires_grad=True)Parameter containing:
tensor([[ 1.1114e-04,  1.7100e-04,  9.9971e-01],
        [-2.6155e-04,  3.4573e-04,  9.9991e-01],
        [ 1.0004e+00, -1.5502e-04, -2.0996e-04],
        ...,
        [ 1.0000e+00, -4.2337e-09, -4.5308e-10],
        [ 1.0000e+00, -3.9332e-09,  5.7646e-10],
        [ 1.0000e+00, -2.3111e-09,  1.4016e-11]], device='cuda:3',
       requires_grad=True)Parameter containing:
tensor([[ 1.1780e-04,  1.8229e-04,  9.9970e-01],
        [-3.0112e-04,  3.7963e-04,  9.9992e-01],
        [ 1.0004e+00, -1.6217e-04, -2.3786e-04],
        ...,
        [ 1.0000e+00, -4.2648e-09, -8.0857e-10],
        [ 1.0000e+00, -4.6822e-09,  8.6351e-10],
        [ 1.0000e+00, -2.4980e-09, -1.5890e-11]], device='cuda:3',
       requires_grad=True)Parameter containing:
tensor([[ 1.3304e-04,  2.0614e-04,  9.9966e-01],
        [-3.3821e-04,  4.4065e-04,  9.9989e-01],
        [ 1.0004e+00, -1.6876e-04, -2.8034e-04],
        ...,
        [ 9.9999e-01, -4.1671e-09, -1.6276e-09],
        [ 9.9999e-01, -5.9997e-09,  1.3933e-09],
        [ 9.9999e-01, -2.7415e-09, -5.4843e-11]], device='cuda:3',
       requires_grad=True)Parameter containing:
tensor([[ 1.5100e-04,  2.3423e-04,  9.9961e-01],
        [-4.2559e-04,  5.1997e-04,  9.9990e-01],
        [ 1.0005e+00, -1.7652e-04, -3.3039e-04],
        ...,
        [ 9.9999e-01, -4.5215e-09, -2.4514e-09],
        [ 9.9999e-01, -7.5518e-09,  2.0175e-09],
        [ 9.9999e-01, -3.4914e-09,  1.0279e-10]], device='cuda:3',
       requires_grad=True)Parameter containing:
tensor([[ 1.7949e-04,  2.7536e-04,  9.9954e-01],
        [-4.7944e-04,  6.3712e-04,  9.9983e-01],
        [ 1.0006e+00, -1.8085e-04, -3.9736e-04],
        ...,
        [ 9.9999e-01, -4.8033e-09, -3.9378e-09],
        [ 9.9999e-01, -9.2462e-09,  2.6988e-09],
        [ 9.9999e-01, -4.8946e-09,  5.8341e-10]], device='cuda:3',
       requires_grad=True)Parameter containing:
tensor([[ 2.0338e-04,  3.2070e-04,  9.9947e-01],
        [-5.1030e-04,  7.8502e-04,  9.9972e-01],
        [ 1.0007e+00, -2.0530e-04, -4.9185e-04],
        ...,
        [ 9.9999e-01, -5.7634e-09, -5.2276e-09],
        [ 9.9999e-01, -1.1656e-08,  3.5336e-09],
        [ 9.9999e-01, -6.3334e-09,  1.0762e-09]], device='cuda:3',
       requires_grad=True)Parameter containing:
tensor([[ 2.3366e-04,  3.6774e-04,  9.9939e-01],
        [-6.1515e-04,  9.7567e-04,  9.9963e-01],
        [ 1.0008e+00, -2.2904e-04, -5.8358e-04],
        ...,
        [ 9.9999e-01, -6.6954e-09, -6.4796e-09],
        [ 9.9999e-01, -1.4712e-08,  4.5773e-09],
        [ 9.9999e-01, -8.4599e-09,  1.8076e-09]], device='cuda:3',
       requires_grad=True)Parameter containing:
tensor([[ 2.6598e-04,  4.2094e-04,  9.9930e-01],
        [-7.6982e-04,  1.1705e-03,  9.9959e-01],
        [ 1.0009e+00, -2.5008e-04, -6.7129e-04],
        ...,
        [ 9.9999e-01, -7.5552e-09, -7.6346e-09],
        [ 9.9999e-01, -1.7530e-08,  5.5403e-09],
        [ 9.9999e-01, -1.0611e-08,  2.5646e-09]], device='cuda:3',
       requires_grad=True)Parameter containing:
tensor([[ 3.0200e-04,  4.9316e-04,  9.9919e-01],
        [-8.6506e-04,  1.3842e-03,  9.9947e-01],
        [ 1.0011e+00, -3.0043e-04, -7.6647e-04],
        ...,
        [ 9.9999e-01, -9.0452e-09, -8.1891e-09],
        [ 9.9999e-01, -1.9727e-08,  5.6625e-09],
        [ 9.9999e-01, -1.2499e-08,  3.2292e-09]], device='cuda:3',
       requires_grad=True)Parameter containing:
tensor([[ 3.3940e-04,  5.7090e-04,  9.9907e-01],
        [-9.1573e-04,  1.5809e-03,  9.9932e-01],
        [ 1.0012e+00, -3.5990e-04, -8.7141e-04],
        ...,
        [ 9.9998e-01, -1.0289e-08, -8.6518e-09],
        [ 9.9998e-01, -2.1561e-08,  5.7645e-09],
        [ 9.9998e-01, -1.4766e-08,  4.1124e-09]], device='cuda:3',
       requires_grad=True)Parameter containing:
tensor([[ 3.7365e-04,  6.3805e-04,  9.9897e-01],
        [-9.8111e-04,  1.7431e-03,  9.9922e-01],
        [ 1.0014e+00, -4.2170e-04, -9.8327e-04],
        ...,
        [ 9.9998e-01, -1.1271e-08, -9.0173e-09],
        [ 9.9998e-01, -2.3619e-08,  5.9553e-09],
        [ 9.9998e-01, -1.6557e-08,  4.8100e-09]], device='cuda:3',
       requires_grad=True)Parameter containing:
tensor([[ 4.0349e-04,  6.9345e-04,  9.9888e-01],
        [-1.1126e-03,  1.9196e-03,  9.9917e-01],
        [ 1.0015e+00, -4.6755e-04, -1.0663e-03],
        ...,
        [ 9.9998e-01, -1.1631e-08, -9.8056e-09],
        [ 9.9998e-01, -2.5146e-08,  6.0969e-09],
        [ 9.9998e-01, -1.7677e-08,  4.8414e-09]], device='cuda:3',
       requires_grad=True)Parameter containing:
tensor([[ 4.2400e-04,  7.3153e-04,  9.9882e-01],
        [-1.2468e-03,  2.0652e-03,  9.9916e-01],
        [ 1.0016e+00, -5.0237e-04, -1.1260e-03],
        ...,
        [ 9.9998e-01, -1.1879e-08, -1.0348e-08],
        [ 9.9998e-01, -2.5987e-08,  5.7926e-09],
        [ 9.9998e-01, -1.8446e-08,  4.8630e-09]], device='cuda:3',
       requires_grad=True)Parameter containing:
tensor([[ 4.3676e-04,  7.5522e-04,  9.9879e-01],
        [-1.3250e-03,  2.1669e-03,  9.9914e-01],
        [ 1.0017e+00, -5.2954e-04, -1.1746e-03],
        ...,
        [ 9.9998e-01, -1.2033e-08, -1.0685e-08],
        [ 9.9998e-01, -2.6402e-08,  5.3229e-09],
        [ 9.9998e-01, -1.8925e-08,  4.8765e-09]], device='cuda:3',
       requires_grad=True)Parameter containing:
tensor([[ 4.4499e-04,  7.7028e-04,  9.9876e-01],
        [-1.3757e-03,  2.2248e-03,  9.9913e-01],
        [ 1.0017e+00, -5.4370e-04, -1.2043e-03],
        ...,
        [ 9.9998e-01, -1.2116e-08, -1.0866e-08],
        [ 9.9998e-01, -2.6625e-08,  5.0707e-09],
        [ 9.9998e-01, -1.9342e-08,  4.9539e-09]], device='cuda:3',
       requires_grad=True)Parameter containing:
tensor([[ 4.4954e-04,  7.7750e-04,  9.9875e-01],
        [-1.3955e-03,  2.2494e-03,  9.9913e-01],
        [ 1.0017e+00, -5.4860e-04, -1.2184e-03],
        ...,
        [ 9.9998e-01, -1.2136e-08, -1.1019e-08],
        [ 9.9998e-01, -2.6718e-08,  4.9655e-09],
        [ 9.9998e-01, -1.9516e-08,  4.9861e-09]], device='cuda:3',
       requires_grad=True)Parameter containing:
tensor([[ 4.5079e-04,  7.7924e-04,  9.9875e-01],
        [-1.4001e-03,  2.2551e-03,  9.9912e-01],
        [ 1.0018e+00, -5.5055e-04, -1.2221e-03],
        ...,
        [ 9.9998e-01, -1.2133e-08, -1.1075e-08],
        [ 9.9998e-01, -2.6739e-08,  4.9413e-09],
        [ 9.9998e-01, -1.9556e-08,  4.9936e-09]], device='cuda:3',
       requires_grad=True)Parameter containing:
tensor([[ 4.5079e-04,  7.7924e-04,  9.9875e-01],
        [-1.4001e-03,  2.2551e-03,  9.9912e-01],
        [ 1.0018e+00, -5.5055e-04, -1.2221e-03],
        ...,
        [ 9.9998e-01, -1.2133e-08, -1.1075e-08],
        [ 9.9998e-01, -2.6739e-08,  4.9413e-09],
        [ 9.9998e-01, -1.9556e-08,  4.9936e-09]], device='cuda:3',
       requires_grad=True)Parameter containing:
tensor([[ 4.5237e-04,  7.8114e-04,  9.9875e-01],
        [-1.4028e-03,  2.2615e-03,  9.9912e-01],
        [ 1.0018e+00, -5.5241e-04, -1.2254e-03],
        ...,
        [ 9.9998e-01, -1.2135e-08, -1.1134e-08],
        [ 9.9998e-01, -2.6757e-08,  4.9216e-09],
        [ 9.9998e-01, -1.9589e-08,  4.9996e-09]], device='cuda:3',
       requires_grad=True)Parameter containing:
tensor([[ 4.5793e-04,  7.8780e-04,  9.9873e-01],
        [-1.4178e-03,  2.2856e-03,  9.9911e-01],
        [ 1.0018e+00, -5.6197e-04, -1.2384e-03],
        ...,
        [ 9.9998e-01, -1.2144e-08, -1.1342e-08],
        [ 9.9998e-01, -2.6894e-08,  4.8801e-09],
        [ 9.9998e-01, -1.9703e-08,  5.0208e-09]], device='cuda:3',
       requires_grad=True)Parameter containing:
tensor([[ 4.6922e-04,  8.0211e-04,  9.9871e-01],
        [-1.4416e-03,  2.3391e-03,  9.9908e-01],
        [ 1.0018e+00, -5.8312e-04, -1.2669e-03],
        ...,
        [ 9.9998e-01, -1.2151e-08, -1.1801e-08],
        [ 9.9998e-01, -2.7162e-08,  4.7996e-09],
        [ 9.9998e-01, -1.9925e-08,  5.0619e-09]], device='cuda:3',
       requires_grad=True)Parameter containing:
tensor([[ 4.8234e-04,  8.2544e-04,  9.9867e-01],
        [-1.4676e-03,  2.4452e-03,  9.9900e-01],
        [ 1.0019e+00, -6.2048e-04, -1.3239e-03],
        ...,
        [ 9.9998e-01, -1.2161e-08, -1.2494e-08],
        [ 9.9998e-01, -2.7873e-08,  4.8147e-09],
        [ 9.9998e-01, -2.0537e-08,  5.2576e-09]], device='cuda:3',
       requires_grad=True)Parameter containing:
tensor([[ 5.0261e-04,  8.6035e-04,  9.9861e-01],
        [-1.4826e-03,  2.5974e-03,  9.9886e-01],
        [ 1.0021e+00, -6.8065e-04, -1.4178e-03],
        ...,
        [ 9.9998e-01, -1.2174e-08, -1.3396e-08],
        [ 9.9998e-01, -2.8799e-08,  4.8343e-09],
        [ 9.9998e-01, -2.1149e-08,  5.0453e-09]], device='cuda:3',
       requires_grad=True)Parameter containing:
tensor([[ 5.2648e-04,  9.0149e-04,  9.9855e-01],
        [-1.5592e-03,  2.7846e-03,  9.9875e-01],
        [ 1.0023e+00, -7.6487e-04, -1.5499e-03],
        ...,
        [ 9.9998e-01, -1.1897e-08, -1.5075e-08],
        [ 9.9998e-01, -2.9890e-08,  4.8574e-09],
        [ 9.9998e-01, -2.1871e-08,  4.7952e-09]], device='cuda:3',
       requires_grad=True)Parameter containing:
tensor([[ 5.6060e-04,  9.5284e-04,  9.9846e-01],
        [-1.6214e-03,  3.0399e-03,  9.9856e-01],
        [ 1.0025e+00, -8.5681e-04, -1.6941e-03],
        ...,
        [ 9.9997e-01, -1.1595e-08, -1.6907e-08],
        [ 9.9997e-01, -3.1082e-08,  4.8826e-09],
        [ 9.9997e-01, -2.2659e-08,  4.5222e-09]], device='cuda:3',
       requires_grad=True)Parameter containing:
tensor([[ 5.8683e-04,  1.0102e-03,  9.9837e-01],
        [-1.6686e-03,  3.3194e-03,  9.9832e-01],
        [ 1.0028e+00, -9.6542e-04, -1.8556e-03],
        ...,
        [ 9.9997e-01, -1.1285e-08, -1.8786e-08],
        [ 9.9997e-01, -3.3160e-08,  5.3950e-09],
        [ 9.9997e-01, -2.3327e-08,  3.3514e-09]], device='cuda:3',
       requires_grad=True)Parameter containing:
tensor([[ 6.0076e-04,  1.0703e-03,  9.9830e-01],
        [-1.8128e-03,  3.6420e-03,  9.9814e-01],
        [ 1.0031e+00, -1.0633e-03, -2.0393e-03],
        ...,
        [ 9.9997e-01, -1.0718e-08, -2.1594e-08],
        [ 9.9997e-01, -3.5178e-08,  5.8924e-09],
        [ 9.9997e-01, -2.3976e-08,  2.2150e-09]], device='cuda:3',
       requires_grad=True)Parameter containing:
tensor([[ 6.1362e-04,  1.1258e-03,  9.9823e-01],
        [-1.9146e-03,  3.9698e-03,  9.9791e-01],
        [ 1.0034e+00, -1.1879e-03, -2.2608e-03],
        ...,
        [ 9.9997e-01, -1.0194e-08, -2.4184e-08],
        [ 9.9997e-01, -3.7040e-08,  6.3512e-09],
        [ 9.9997e-01, -2.4575e-08,  1.1666e-09]], device='cuda:3',
       requires_grad=True)Parameter containing:
tensor([[ 6.2671e-04,  1.1785e-03,  9.9816e-01],
        [-1.9953e-03,  4.2695e-03,  9.9769e-01],
        [ 1.0038e+00, -1.3281e-03, -2.5003e-03],
        ...,
        [ 9.9997e-01, -9.7344e-09, -2.6459e-08],
        [ 9.9997e-01, -3.9611e-08,  7.0492e-09],
        [ 9.9997e-01, -2.4746e-08, -7.8074e-10]], device='cuda:3',
       requires_grad=True)Parameter containing:
tensor([[ 6.3763e-04,  1.2224e-03,  9.9810e-01],
        [-2.0045e-03,  4.5385e-03,  9.9743e-01],
        [ 1.0041e+00, -1.4444e-03, -2.7025e-03],
        ...,
        [ 9.9996e-01, -8.7677e-09, -2.9329e-08],
        [ 9.9996e-01, -4.1756e-08,  7.6317e-09],
        [ 9.9996e-01, -2.4726e-08, -2.7326e-09]], device='cuda:3',
       requires_grad=True)Parameter containing:
tensor([[ 6.5554e-04,  1.2701e-03,  9.9804e-01],
        [-2.0118e-03,  4.7510e-03,  9.9722e-01],
        [ 1.0044e+00, -1.5650e-03, -2.8795e-03],
        ...,
        [ 9.9996e-01, -7.9368e-09, -3.2097e-08],
        [ 9.9996e-01, -4.3451e-08,  8.0918e-09],
        [ 9.9996e-01, -2.4710e-08, -4.2745e-09]], device='cuda:3',
       requires_grad=True)Parameter containing:
tensor([[ 6.7716e-04,  1.3100e-03,  9.9797e-01],
        [-2.0126e-03,  4.9245e-03,  9.9705e-01],
        [ 1.0046e+00, -1.6609e-03, -3.0127e-03],
        ...,
        [ 9.9996e-01, -7.2526e-09, -3.4743e-08],
        [ 9.9996e-01, -4.4709e-08,  8.4332e-09],
        [ 9.9996e-01, -2.4560e-08, -6.1541e-09]], device='cuda:3',
       requires_grad=True)Parameter containing:
tensor([[ 6.9526e-04,  1.3435e-03,  9.9792e-01],
        [-1.9938e-03,  5.0578e-03,  9.9690e-01],
        [ 1.0048e+00, -1.7268e-03, -3.1044e-03],
        ...,
        [ 9.9996e-01, -6.7822e-09, -3.6562e-08],
        [ 9.9996e-01, -4.5574e-08,  8.6679e-09],
        [ 9.9996e-01, -2.4456e-08, -7.4463e-09]], device='cuda:3',
       requires_grad=True)Parameter containing:
tensor([[ 7.0652e-04,  1.3643e-03,  9.9789e-01],
        [-2.0124e-03,  5.1583e-03,  9.9681e-01],
        [ 1.0049e+00, -1.7678e-03, -3.1614e-03],
        ...,
        [ 9.9996e-01, -6.4896e-09, -3.7693e-08],
        [ 9.9996e-01, -4.6111e-08,  8.8139e-09],
        [ 9.9996e-01, -2.4392e-08, -8.2499e-09]], device='cuda:3',
       requires_grad=True)Parameter containing:
tensor([[ 7.1015e-04,  1.3757e-03,  9.9787e-01],
        [-2.0225e-03,  5.2123e-03,  9.9677e-01],
        [ 1.0049e+00, -1.7927e-03, -3.1942e-03],
        ...,
        [ 9.9996e-01, -6.3326e-09, -3.8301e-08],
        [ 9.9996e-01, -4.6288e-08,  8.6800e-09],
        [ 9.9996e-01, -2.4598e-08, -8.5475e-09]], device='cuda:3',
       requires_grad=True)Parameter containing:
tensor([[ 7.1229e-04,  1.3824e-03,  9.9786e-01],
        [-2.0418e-03,  5.2389e-03,  9.9676e-01],
        [ 1.0050e+00, -1.8028e-03, -3.2097e-03],
        ...,
        [ 9.9996e-01, -6.2671e-09, -3.8554e-08],
        [ 9.9996e-01, -4.6474e-08,  8.6309e-09],
        [ 9.9996e-01, -2.4660e-08, -8.7780e-09]], device='cuda:3',
       requires_grad=True)Parameter containing:
tensor([[1., 0., 0.],
        [0., 0., 1.],
        [0., 0., 1.],
        ...,
        [1., 0., 0.],
        [1., 0., 0.],
        [0., 0., 1.]], device='cuda:3', requires_grad=True)Parameter containing:
tensor([[ 1.0000e+00, -2.6352e-05, -5.1162e-06],
        [-4.5080e-10,  7.8885e-10,  1.0000e+00],
        [-3.0450e-10,  7.8715e-10,  1.0000e+00],
        ...,
        [ 1.0000e+00,  0.0000e+00,  0.0000e+00],
        [ 1.0000e+00,  3.3507e-10, -7.5559e-10],
        [ 0.0000e+00,  0.0000e+00,  1.0000e+00]], device='cuda:3',
       requires_grad=True)Parameter containing:
tensor([[ 1.0001e+00, -5.1479e-05, -6.7785e-06],
        [ 9.4999e-07, -4.6318e-07,  1.0000e+00],
        [ 3.7116e-06,  4.9663e-06,  9.9999e-01],
        ...,
        [ 1.0000e+00,  0.0000e+00,  0.0000e+00],
        [ 1.0000e+00,  7.8018e-10, -1.8448e-09],
        [ 0.0000e+00,  0.0000e+00,  1.0000e+00]], device='cuda:3',
       requires_grad=True)Parameter containing:
tensor([[ 1.0001e+00, -8.6272e-05, -1.1193e-05],
        [ 1.7430e-06, -8.5005e-07,  1.0000e+00],
        [ 6.8089e-06,  9.1103e-06,  9.9998e-01],
        ...,
        [ 1.0000e+00,  0.0000e+00,  0.0000e+00],
        [ 1.0000e+00,  1.1516e-09, -2.7537e-09],
        [-1.9711e-10,  3.6933e-10,  1.0000e+00]], device='cuda:3',
       requires_grad=True)Parameter containing:
tensor([[ 1.0001e+00, -1.1885e-04, -2.6463e-05],
        [ 4.0937e-06,  1.1179e-06,  9.9999e-01],
        [ 1.2763e-05,  1.6097e-05,  9.9997e-01],
        ...,
        [ 1.0000e+00,  0.0000e+00,  0.0000e+00],
        [ 1.0000e+00,  1.1098e-09, -3.3456e-09],
        [-3.5282e-10,  6.6107e-10,  1.0000e+00]], device='cuda:3',
       requires_grad=True)Parameter containing:
tensor([[ 1.0002e+00, -1.4481e-04, -3.4641e-05],
        [ 8.3940e-06,  4.3462e-06,  9.9999e-01],
        [ 9.8565e-06,  2.3183e-05,  9.9996e-01],
        ...,
        [ 1.0000e+00, -2.7384e-10,  1.3364e-10],
        [ 1.0000e+00,  1.0787e-09, -3.7847e-09],
        [-4.6835e-10,  8.7754e-10,  1.0000e+00]], device='cuda:3',
       requires_grad=True)Parameter containing:
tensor([[ 1.0002e+00, -1.6303e-04, -3.8756e-05],
        [ 1.2812e-05,  7.4202e-06,  9.9998e-01],
        [ 5.7456e-06,  2.8775e-05,  9.9996e-01],
        ...,
        [ 1.0000e+00, -4.6211e-10,  2.2553e-10],
        [ 1.0000e+00,  1.0574e-09, -4.0867e-09],
        [-6.5211e-10,  1.2336e-09,  1.0000e+00]], device='cuda:3',
       requires_grad=True)Parameter containing:
tensor([[ 1.0002e+00, -1.7484e-04, -3.9676e-05],
        [ 1.5815e-05,  9.2233e-06,  9.9997e-01],
        [ 3.1890e-06,  3.2252e-05,  9.9996e-01],
        ...,
        [ 1.0000e+00, -5.7920e-10,  2.8267e-10],
        [ 1.0000e+00,  1.0902e-09, -4.4258e-09],
        [-8.2125e-10,  1.6067e-09,  1.0000e+00]], device='cuda:3',
       requires_grad=True)Parameter containing:
tensor([[ 1.0002e+00, -1.8118e-04, -4.0169e-05],
        [ 1.7543e-05,  1.0138e-05,  9.9997e-01],
        [ 2.2662e-06,  3.5142e-05,  9.9996e-01],
        ...,
        [ 1.0000e+00, -6.4206e-10,  3.1335e-10],
        [ 1.0000e+00,  1.1450e-09, -4.6977e-09],
        [-9.4215e-10,  1.8981e-09,  1.0000e+00]], device='cuda:3',
       requires_grad=True)Parameter containing:
tensor([[ 1.0002e+00, -1.8395e-04, -4.0034e-05],
        [ 1.8497e-05,  1.0803e-05,  9.9997e-01],
        [ 1.8814e-06,  3.6347e-05,  9.9996e-01],
        ...,
        [ 1.0000e+00, -6.6827e-10,  3.2614e-10],
        [ 1.0000e+00,  1.1259e-09, -4.7903e-09],
        [-9.9256e-10,  2.0196e-09,  1.0000e+00]], device='cuda:3',
       requires_grad=True)Parameter containing:
tensor([[ 1.0002e+00, -1.8459e-04, -4.0003e-05],
        [ 1.8717e-05,  1.0956e-05,  9.9997e-01],
        [ 1.6687e-06,  3.6668e-05,  9.9996e-01],
        ...,
        [ 1.0000e+00, -6.7432e-10,  3.2909e-10],
        [ 1.0000e+00,  1.1215e-09, -4.8117e-09],
        [-9.9333e-10,  2.0444e-09,  1.0000e+00]], device='cuda:3',
       requires_grad=True)Parameter containing:
tensor([[ 1.0002e+00, -1.8459e-04, -4.0003e-05],
        [ 1.8717e-05,  1.0956e-05,  9.9997e-01],
        [ 1.6687e-06,  3.6668e-05,  9.9996e-01],
        ...,
        [ 1.0000e+00, -6.7432e-10,  3.2909e-10],
        [ 1.0000e+00,  1.1215e-09, -4.8117e-09],
        [-9.9333e-10,  2.0444e-09,  1.0000e+00]], device='cuda:3',
       requires_grad=True)Parameter containing:
tensor([[ 1.0002e+00, -1.8512e-04, -3.9955e-05],
        [ 1.8929e-05,  1.1071e-05,  9.9997e-01],
        [ 1.6417e-06,  3.7052e-05,  9.9996e-01],
        ...,
        [ 1.0000e+00, -6.7652e-10,  3.2175e-10],
        [ 1.0000e+00,  1.1179e-09, -4.8290e-09],
        [-1.0010e-09,  2.0735e-09,  1.0000e+00]], device='cuda:3',
       requires_grad=True)Parameter containing:
tensor([[ 1.0002e+00, -1.8696e-04, -3.9788e-05],
        [ 1.9677e-05,  1.1472e-05,  9.9997e-01],
        [ 1.7668e-06,  3.8630e-05,  9.9996e-01],
        ...,
        [ 1.0000e+00, -6.8428e-10,  2.9598e-10],
        [ 1.0000e+00,  1.1054e-09, -4.8897e-09],
        [-1.0377e-09,  2.1934e-09,  1.0000e+00]], device='cuda:3',
       requires_grad=True)Parameter containing:
tensor([[ 1.0002e+00, -1.9170e-04, -4.0207e-05],
        [ 2.1219e-05,  1.2230e-05,  9.9996e-01],
        [ 2.6369e-06,  4.1909e-05,  9.9995e-01],
        ...,
        [ 1.0000e+00, -7.9115e-10,  2.9483e-10],
        [ 1.0000e+00,  9.9310e-10, -4.9707e-09],
        [-1.1090e-09,  2.4263e-09,  1.0000e+00]], device='cuda:3',
       requires_grad=True)Parameter containing:
tensor([[ 1.0002e+00, -2.0148e-04, -4.1936e-05],
        [ 2.3545e-05,  1.3374e-05,  9.9996e-01],
        [ 4.2237e-06,  4.7404e-05,  9.9994e-01],
        ...,
        [ 1.0000e+00, -8.9328e-10,  1.3546e-10],
        [ 1.0000e+00,  8.2369e-10, -5.0929e-09],
        [-1.0590e-09,  2.7091e-09,  1.0000e+00]], device='cuda:3',
       requires_grad=True)Parameter containing:
tensor([[ 1.0003e+00, -2.1564e-04, -4.1059e-05],
        [ 2.7819e-05,  1.6315e-05,  9.9995e-01],
        [ 6.7616e-06,  5.5195e-05,  9.9993e-01],
        ...,
        [ 9.9999e-01, -1.0263e-09, -7.2114e-11],
        [ 9.9999e-01,  6.0304e-10, -5.2520e-09],
        [-9.9395e-10,  3.0775e-09,  9.9999e-01]], device='cuda:3',
       requires_grad=True)Parameter containing:
tensor([[ 1.0003e+00, -2.3232e-04, -4.0026e-05],
        [ 3.3610e-05,  1.9650e-05,  9.9994e-01],
        [ 9.7513e-06,  6.4373e-05,  9.9992e-01],
        ...,
        [ 9.9999e-01, -1.1124e-09, -6.0716e-10],
        [ 9.9999e-01,  3.4309e-10, -5.4394e-09],
        [-6.1924e-10,  3.3949e-09,  9.9999e-01]], device='cuda:3',
       requires_grad=True)Parameter containing:
tensor([[ 1.0003e+00, -2.5571e-04, -4.3304e-05],
        [ 4.1969e-05,  2.4789e-05,  9.9993e-01],
        [ 1.4109e-05,  7.5341e-05,  9.9990e-01],
        ...,
        [ 9.9999e-01, -1.2063e-09, -1.1912e-09],
        [ 9.9999e-01, -2.9367e-10, -5.5126e-09],
        [-2.1018e-10,  3.7414e-09,  9.9999e-01]], device='cuda:3',
       requires_grad=True)