Parameter containing:
tensor([[0., 0., 1.],
        [1., 0., 0.],
        [1., 0., 0.],
        ...,
        [0., 0., 1.],
        [0., 0., 1.],
        [1., 0., 0.]], device='cuda:0', requires_grad=True)Parameter containing:
tensor([[-1.2056e-10,  2.1971e-10,  1.0000e+00],
        [ 1.0000e+00,  2.1120e-06,  1.0453e-06],
        [ 1.0000e+00, -2.2916e-10,  7.3113e-11],
        ...,
        [ 0.0000e+00,  0.0000e+00,  1.0000e+00],
        [ 0.0000e+00,  0.0000e+00,  1.0000e+00],
        [ 1.0000e+00, -2.1779e-10,  8.9143e-11]], device='cuda:0',
       requires_grad=True)Parameter containing:
tensor([[ 7.6188e-07, -5.5936e-07,  1.0000e+00],
        [ 9.9999e-01,  3.9660e-06,  1.9631e-06],
        [ 1.0000e+00, -6.4517e-10,  2.1714e-10],
        ...,
        [-8.3766e-11,  2.2357e-10,  1.0000e+00],
        [ 0.0000e+00,  0.0000e+00,  1.0000e+00],
        [ 1.0000e+00, -4.0900e-10,  1.6741e-10]], device='cuda:0',
       requires_grad=True)Parameter containing:
tensor([[ 1.0907e-06, -1.6893e-06,  1.0000e+00],
        [ 9.9999e-01,  5.5854e-06,  2.8198e-06],
        [ 1.0000e+00,  7.5551e-07,  1.3044e-06],
        ...,
        [-1.5367e-10,  4.1013e-10,  1.0000e+00],
        [ 0.0000e+00,  0.0000e+00,  1.0000e+00],
        [ 1.0000e+00, -7.7682e-10,  2.9599e-10]], device='cuda:0',
       requires_grad=True)Parameter containing:
tensor([[-2.4556e-07, -3.6666e-06,  1.0000e+00],
        [ 9.9999e-01,  5.3447e-06,  2.2581e-06],
        [ 9.9999e-01,  1.3526e-06,  2.3346e-06],
        ...,
        [-2.0888e-10,  5.5750e-10,  1.0000e+00],
        [ 0.0000e+00,  0.0000e+00,  1.0000e+00],
        [ 1.0000e+00, -1.2502e-09,  4.6138e-10]], device='cuda:0',
       requires_grad=True)Parameter containing:
tensor([[-3.3854e-06, -7.3703e-06,  1.0000e+00],
        [ 9.9999e-01,  4.4788e-06,  1.4011e-06],
        [ 9.9999e-01,  1.7956e-06,  3.0991e-06],
        ...,
        [-3.1179e-10,  8.1802e-10,  1.0000e+00],
        [-6.0051e-11,  1.2665e-10,  1.0000e+00],
        [ 1.0000e+00, -1.6015e-09,  5.8409e-10]], device='cuda:0',
       requires_grad=True)Parameter containing:
tensor([[-5.5441e-06, -9.9167e-06,  1.0000e+00],
        [ 1.0000e+00,  2.8075e-06, -6.0131e-07],
        [ 1.0000e+00,  3.6197e-06, -2.1406e-06],
        ...,
        [-4.0715e-10,  1.1095e-09,  1.0000e+00],
        [-1.2675e-11,  1.9236e-10,  1.0000e+00],
        [ 1.0000e+00, -1.9556e-09,  7.0292e-10]], device='cuda:0',
       requires_grad=True)Parameter containing:
tensor([[-6.8867e-06, -1.1500e-05,  1.0000e+00],
        [ 1.0000e+00,  1.7680e-06, -1.8466e-06],
        [ 1.0000e+00,  5.2669e-06, -6.7255e-06],
        ...,
        [-4.6645e-10,  1.2908e-09,  1.0000e+00],
        [-1.8017e-11,  3.0511e-10,  1.0000e+00],
        [ 1.0000e+00, -2.2560e-09,  8.0884e-10]], device='cuda:0',
       requires_grad=True)Parameter containing:
tensor([[-7.3569e-06, -1.2497e-05,  1.0000e+00],
        [ 1.0000e+00,  1.2099e-06, -2.5151e-06],
        [ 1.0000e+00,  6.1512e-06, -9.1872e-06],
        ...,
        [-4.9829e-10,  1.3881e-09,  1.0000e+00],
        [-2.0886e-11,  3.6564e-10,  1.0000e+00],
        [ 1.0000e+00, -2.4009e-09,  8.1773e-10]], device='cuda:0',
       requires_grad=True)Parameter containing:
tensor([[-7.5530e-06, -1.2913e-05,  1.0000e+00],
        [ 1.0000e+00,  8.9121e-07, -3.0290e-06],
        [ 1.0000e+00,  6.5199e-06, -1.0214e-05],
        ...,
        [-5.1157e-10,  1.4287e-09,  1.0000e+00],
        [-2.2082e-11,  3.9089e-10,  1.0000e+00],
        [ 1.0000e+00, -2.4614e-09,  8.2143e-10]], device='cuda:0',
       requires_grad=True)Parameter containing:
tensor([[0., 0., 1.],
        [0., 0., 1.],
        [1., 0., 0.],
        ...,
        [0., 0., 1.],
        [0., 0., 1.],
        [1., 0., 0.]], device='cuda:0', requires_grad=True)Parameter containing:
tensor([[-1.3526e-10,  2.4599e-10,  1.0000e+00],
        [-1.2817e-10,  2.3796e-10,  1.0000e+00],
        [ 1.0000e+00, -2.5644e-10,  8.0815e-11],
        ...,
        [-6.5492e-08,  2.6773e-08,  1.0000e+00],
        [-4.5911e-11,  1.3044e-10,  1.0000e+00],
        [ 1.0000e+00,  0.0000e+00,  0.0000e+00]], device='cuda:0',
       requires_grad=True)Parameter containing:
tensor([[ 3.6903e-07, -1.2708e-07,  1.0000e+00],
        [ 4.0157e-08,  3.0457e-08,  1.0000e+00],
        [ 1.0000e+00, -7.2269e-10,  2.5546e-10],
        ...,
        [-1.9279e-07,  7.6279e-08,  1.0000e+00],
        [ 5.3337e-08,  1.8624e-08,  1.0000e+00],
        [ 1.0000e+00,  5.6343e-11, -2.4536e-10]], device='cuda:0',
       requires_grad=True)Parameter containing:
tensor([[ 4.5147e-06,  1.0771e-06,  9.9999e-01],
        [ 1.4688e-07,  1.5203e-07,  1.0000e+00],
        [ 1.0000e+00,  1.9057e-06, -4.8779e-06],
        ...,
        [-3.3867e-07,  8.0110e-08,  1.0000e+00],
        [ 7.1233e-08, -5.7048e-09,  1.0000e+00],
        [ 1.0000e+00,  1.0336e-10, -4.5011e-10]], device='cuda:0',
       requires_grad=True)Parameter containing:
tensor([[ 9.0898e-06,  4.1808e-06,  9.9999e-01],
        [ 3.0207e-07,  3.3757e-07,  1.0000e+00],
        [ 1.0000e+00,  4.5357e-06, -1.0391e-05],
        ...,
        [-4.5454e-07,  8.2525e-08,  1.0000e+00],
        [ 1.3414e-07,  9.6532e-09,  1.0000e+00],
        [ 1.0000e+00,  1.4050e-10, -6.1185e-10]], device='cuda:0',
       requires_grad=True)Parameter containing:
tensor([[ 1.3725e-05,  7.3264e-06,  9.9998e-01],
        [ 8.7147e-07,  2.8154e-07,  1.0000e+00],
        [ 1.0000e+00,  6.4870e-06, -1.4482e-05],
        ...,
        [-5.4153e-07,  8.2650e-08,  1.0000e+00],
        [ 1.8075e-07,  2.1210e-08,  1.0000e+00],
        [ 1.0000e+00,  1.6806e-10, -7.3186e-10]], device='cuda:0',
       requires_grad=True)Parameter containing:
tensor([[ 1.7646e-05,  1.0219e-05,  9.9997e-01],
        [ 1.5706e-06,  7.4567e-08,  1.0000e+00],
        [ 1.0000e+00,  7.8284e-06, -1.7295e-05],
        ...,
        [-6.0473e-07,  8.2238e-08,  1.0000e+00],
        [ 2.0461e-07,  7.0475e-09,  1.0000e+00],
        [ 1.0000e+00,  1.8700e-10, -8.1437e-10]], device='cuda:0',
       requires_grad=True)Parameter containing:
tensor([[ 2.0084e-05,  1.2017e-05,  9.9996e-01],
        [ 2.0053e-06, -5.4064e-08,  1.0000e+00],
        [ 1.0000e+00,  8.6357e-06, -1.9074e-05],
        ...,
        [-6.4041e-07,  9.0696e-08,  1.0000e+00],
        [ 2.3182e-07,  1.3807e-08,  1.0000e+00],
        [ 1.0000e+00,  1.9879e-10, -8.6569e-10]], device='cuda:0',
       requires_grad=True)Parameter containing:
tensor([[ 2.1539e-05,  1.3201e-05,  9.9996e-01],
        [ 2.2387e-06, -1.2307e-07,  9.9999e-01],
        [ 1.0000e+00,  9.1288e-06, -2.0244e-05],
        ...,
        [-6.6901e-07,  8.9850e-08,  1.0000e+00],
        [ 2.1433e-07,  2.3585e-08,  1.0000e+00],
        [ 1.0000e+00,  2.2377e-10, -9.4565e-10]], device='cuda:0',
       requires_grad=True)Parameter containing:
tensor([[ 2.2146e-05,  1.3694e-05,  9.9996e-01],
        [ 2.3360e-06, -1.5183e-07,  9.9999e-01],
        [ 1.0000e+00,  9.3971e-06, -2.0894e-05],
        ...,
        [-6.7895e-07,  9.1254e-08,  1.0000e+00],
        [ 2.0703e-07,  2.7687e-08,  1.0000e+00],
        [ 1.0000e+00,  2.4564e-10, -9.9774e-10]], device='cuda:0',
       requires_grad=True)Parameter containing:
tensor([[0., 0., 1.],
        [0., 0., 1.],
        [1., 0., 0.],
        ...,
        [1., 0., 0.],
        [0., 0., 1.],
        [0., 0., 1.]], device='cuda:0', requires_grad=True)Parameter containing:
tensor([[-3.7613e-10,  6.8405e-10,  1.0000e+00],
        [-3.5641e-10,  6.6172e-10,  1.0000e+00],
        [ 1.0000e+00, -7.1312e-10,  2.2473e-10],
        ...,
        [ 1.0000e+00,  3.5100e-10, -7.0101e-10],
        [ 7.1299e-10, -2.2326e-10,  1.0000e+00],
        [ 0.0000e+00,  0.0000e+00,  1.0000e+00]], device='cuda:0',
       requires_grad=True)Parameter containing:
tensor([[-1.4137e-07, -5.4961e-07,  1.0000e+00],
        [ 2.3745e-06, -1.1594e-06,  1.0000e+00],
        [ 1.0000e+00,  1.9328e-06,  1.2600e-06],
        ...,
        [ 1.0000e+00, -2.2002e-11, -1.1222e-09],
        [ 1.0598e-09,  2.2877e-10,  1.0000e+00],
        [ 0.0000e+00,  0.0000e+00,  1.0000e+00]], device='cuda:0',
       requires_grad=True)Parameter containing:
tensor([[-2.2874e-06,  4.8137e-07,  1.0000e+00],
        [ 4.3560e-06, -2.1271e-06,  1.0000e+00],
        [ 9.9999e-01,  3.5457e-06,  2.3115e-06],
        ...,
        [ 1.0000e+00, -3.3326e-10, -1.4736e-09],
        [ 1.3493e-09,  6.0598e-10,  1.0000e+00],
        [ 0.0000e+00,  0.0000e+00,  1.0000e+00]], device='cuda:0',
       requires_grad=True)Parameter containing:
tensor([[-7.4578e-06,  1.1063e-07,  1.0000e+00],
        [ 6.0371e-06, -2.7386e-06,  1.0000e+00],
        [ 9.9999e-01,  3.9065e-06,  5.4791e-06],
        ...,
        [ 1.0000e+00, -5.7913e-10, -1.7513e-09],
        [ 1.3769e-09,  1.4591e-09,  1.0000e+00],
        [-2.8686e-10,  5.5183e-10,  1.0000e+00]], device='cuda:0',
       requires_grad=True)Parameter containing:
tensor([[-1.1251e-05, -7.1745e-08,  1.0000e+00],
        [ 7.0876e-06, -3.3286e-06,  9.9999e-01],
        [ 9.9998e-01,  5.5716e-06,  1.0242e-05],
        ...,
        [ 1.0000e+00, -7.6157e-10, -1.9573e-09],
        [ 1.8515e-09,  1.8965e-09,  1.0000e+00],
        [-4.9971e-10,  9.6127e-10,  1.0000e+00]], device='cuda:0',
       requires_grad=True)Parameter containing:
tensor([[-1.3552e-05, -2.7638e-08,  1.0000e+00],
        [ 7.6692e-06, -3.8165e-06,  9.9999e-01],
        [ 9.9998e-01,  6.1431e-06,  1.2846e-05],
        ...,
        [ 1.0000e+00, -8.8700e-10, -2.0989e-09],
        [ 2.5236e-09,  2.0590e-09,  1.0000e+00],
        [-3.0548e-10,  1.1323e-09,  1.0000e+00]], device='cuda:0',
       requires_grad=True)Parameter containing:
tensor([[-1.5206e-05, -1.5210e-07,  1.0000e+00],
        [ 8.8705e-06, -4.4776e-06,  9.9999e-01],
        [ 9.9998e-01,  6.4982e-06,  1.4466e-05],
        ...,
        [ 1.0000e+00, -9.6500e-10, -2.1870e-09],
        [ 2.9415e-09,  2.1601e-09,  1.0000e+00],
        [-3.4706e-10,  1.4818e-09,  1.0000e+00]], device='cuda:0',
       requires_grad=True)Parameter containing:
tensor([[-1.6094e-05, -2.1878e-07,  1.0000e+00],
        [ 9.6185e-06, -4.8796e-06,  9.9999e-01],
        [ 9.9997e-01,  6.6887e-06,  1.5336e-05],
        ...,
        [ 1.0000e+00, -9.4004e-10, -2.3716e-09],
        [ 3.2999e-09,  2.1461e-09,  1.0000e+00],
        [-3.6938e-10,  1.6694e-09,  1.0000e+00]], device='cuda:0',
       requires_grad=True)Parameter containing:
tensor([[-1.5998e-05,  2.3998e-07,  1.0000e+00],
        [ 9.8923e-06, -5.0935e-06,  9.9999e-01],
        [ 9.9997e-01,  6.7681e-06,  1.5698e-05],
        ...,
        [ 1.0000e+00, -9.2963e-10, -2.4486e-09],
        [ 3.4493e-09,  2.1403e-09,  1.0000e+00],
        [-3.7869e-10,  1.7476e-09,  1.0000e+00]], device='cuda:0',
       requires_grad=True)Parameter containing:
tensor([[1., 0., 0.],
        [0., 0., 1.],
        [1., 0., 0.],
        ...,
        [0., 0., 1.],
        [1., 0., 0.],
        [0., 0., 1.]], device='cuda:0', requires_grad=True)Parameter containing:
tensor([[ 1.0000e+00, -3.4403e-06, -1.4255e-06],
        [-2.1937e-10,  4.0730e-10,  1.0000e+00],
        [ 1.0000e+00, -4.3893e-10,  1.3832e-10],
        ...,
        [-1.6031e-10,  4.2814e-10,  1.0000e+00],
        [ 1.0000e+00, -4.3035e-10,  1.9717e-10],
        [ 0.0000e+00,  0.0000e+00,  1.0000e+00]], device='cuda:0',
       requires_grad=True)Parameter containing:
tensor([[ 1.0000e+00, -1.8078e-05,  1.3831e-05],
        [ 8.5477e-06, -4.1766e-06,  1.0000e+00],
        [ 1.0000e+00, -4.0373e-06, -2.6285e-06],
        ...,
        [ 1.5917e-07,  1.1665e-07,  1.0000e+00],
        [ 1.0000e+00,  3.6755e-09,  1.8138e-09],
        [ 0.0000e+00,  0.0000e+00,  1.0000e+00]], device='cuda:0',
       requires_grad=True)Parameter containing:
tensor([[ 1.0000e+00, -3.2681e-05,  2.6040e-05],
        [ 1.5681e-05, -7.6619e-06,  9.9999e-01],
        [ 1.0000e+00, -7.4064e-06, -4.8219e-06],
        ...,
        [ 4.2861e-07,  3.3127e-07,  1.0000e+00],
        [ 1.0000e+00,  1.2992e-08, -8.8755e-09],
        [ 3.6333e-10, -2.0754e-10,  1.0000e+00]], device='cuda:0',
       requires_grad=True)Parameter containing:
tensor([[ 1.0000e+00, -4.7036e-05,  2.9159e-05],
        [ 2.1274e-05, -1.0469e-05,  9.9999e-01],
        [ 1.0000e+00, -1.6382e-05,  9.6055e-06],
        ...,
        [ 7.4149e-07,  6.4049e-07,  1.0000e+00],
        [ 1.0000e+00, -1.2602e-07, -1.4752e-07],
        [ 5.1621e-10, -9.4869e-11,  1.0000e+00]], device='cuda:0',
       requires_grad=True)Parameter containing:
tensor([[ 1.0000e+00, -6.9685e-05,  5.2629e-05],
        [ 2.4219e-05, -1.3385e-05,  9.9999e-01],
        [ 1.0000e+00, -2.9565e-05,  9.0496e-06],
        ...,
        [ 1.0978e-06,  9.8442e-07,  1.0000e+00],
        [ 1.0000e+00, -3.5719e-07, -3.2748e-07],
        [ 9.1068e-10, -1.1755e-10,  1.0000e+00]], device='cuda:0',
       requires_grad=True)Parameter containing:
tensor([[ 1.0000e+00, -8.7113e-05,  7.6195e-05],
        [ 2.6162e-05, -1.5438e-05,  9.9999e-01],
        [ 1.0000e+00, -4.2259e-05,  4.4247e-06],
        ...,
        [ 1.4335e-06,  1.3601e-06,  9.9999e-01],
        [ 1.0000e+00, -5.1634e-07, -4.5113e-07],
        [ 1.1819e-09, -1.3315e-10,  1.0000e+00]], device='cuda:0',
       requires_grad=True)Parameter containing:
tensor([[ 9.9999e-01, -1.0221e-04,  1.0551e-04],
        [ 2.8161e-05, -1.7052e-05,  9.9999e-01],
        [ 1.0000e+00, -5.0153e-05,  1.5486e-06],
        ...,
        [ 1.6199e-06,  1.6055e-06,  9.9999e-01],
        [ 1.0000e+00, -5.7142e-07, -4.9632e-07],
        [ 1.3505e-09, -1.4285e-10,  1.0000e+00]], device='cuda:0',
       requires_grad=True)Parameter containing:
tensor([[ 9.9999e-01, -1.1031e-04,  1.2124e-04],
        [ 2.9385e-05, -1.7987e-05,  9.9999e-01],
        [ 1.0001e+00, -5.4392e-05,  4.4743e-09],
        ...,
        [ 1.7703e-06,  1.7881e-06,  9.9999e-01],
        [ 1.0000e+00, -6.0887e-07, -5.2566e-07],
        [ 1.4411e-09, -1.4806e-10,  1.0000e+00]], device='cuda:0',
       requires_grad=True)Parameter containing:
tensor([[ 9.9998e-01, -1.1570e-04,  1.3300e-04],
        [ 2.9535e-05, -1.8816e-05,  9.9999e-01],
        [ 1.0001e+00, -5.6159e-05, -6.3938e-07],
        ...,
        [ 1.8481e-06,  1.8770e-06,  9.9999e-01],
        [ 1.0000e+00, -6.2453e-07, -5.3787e-07],
        [ 1.4789e-09, -1.5023e-10,  1.0000e+00]], device='cuda:0',
       requires_grad=True)Parameter containing:
tensor([[1., 0., 0.],
        [0., 0., 1.],
        [0., 0., 1.],
        ...,
        [1., 0., 0.],
        [1., 0., 0.],
        [0., 0., 1.]], device='cuda:0', requires_grad=True)Parameter containing:
tensor([[ 1.0000e+00, -3.0068e-07, -1.2459e-07],
        [-2.2242e-10,  4.1296e-10,  1.0000e+00],
        [-1.9572e-10,  4.4642e-10,  1.0000e+00],
        ...,
        [ 1.0000e+00,  5.8648e-08,  6.5271e-08],
        [ 1.0000e+00,  4.7598e-09, -1.0138e-08],
        [ 0.0000e+00,  0.0000e+00,  1.0000e+00]], device='cuda:0',
       requires_grad=True)Parameter containing:
tensor([[ 1.0000e+00, -6.2323e-07, -1.5075e-07],
        [ 6.2511e-07, -3.0491e-07,  1.0000e+00],
        [ 6.6634e-07,  8.9252e-07,  1.0000e+00],
        ...,
        [ 1.0000e+00,  1.2149e-07,  1.3608e-07],
        [ 1.0000e+00,  1.9785e-08, -4.9639e-08],
        [ 0.0000e+00,  0.0000e+00,  1.0000e+00]], device='cuda:0',
       requires_grad=True)Parameter containing:
tensor([[ 1.0000e+00, -1.9872e-06, -4.1232e-07],
        [ 1.1468e-06, -5.5940e-07,  1.0000e+00],
        [ 1.2224e-06,  1.6373e-06,  1.0000e+00],
        ...,
        [ 1.0000e+00,  2.0473e-07,  2.1282e-07],
        [ 1.0000e+00,  3.2697e-08, -8.1706e-08],
        [-1.9711e-10,  3.6933e-10,  1.0000e+00]], device='cuda:0',
       requires_grad=True)Parameter containing:
tensor([[ 1.0000e+00, -3.1274e-06, -7.6420e-07],
        [ 1.9708e-06, -2.1729e-07,  1.0000e+00],
        [ 1.6720e-06,  2.2366e-06,  9.9999e-01],
        ...,
        [ 1.0000e+00,  2.6440e-07,  2.6268e-07],
        [ 1.0000e+00,  4.2561e-08, -1.0691e-07],
        [-3.5282e-10,  6.6107e-10,  1.0000e+00]], device='cuda:0',
       requires_grad=True)Parameter containing:
tensor([[ 1.0000e+00, -3.9585e-06, -1.0516e-06],
        [ 3.1413e-06,  4.2325e-07,  9.9999e-01],
        [ 1.7229e-06,  2.7547e-06,  9.9999e-01],
        ...,
        [ 1.0000e+00,  3.0840e-07,  2.9981e-07],
        [ 1.0000e+00,  5.1248e-08, -1.2510e-07],
        [-4.6835e-10,  8.7754e-10,  1.0000e+00]], device='cuda:0',
       requires_grad=True)Parameter containing:
tensor([[ 1.0000e+00, -4.5234e-06, -1.2756e-06],
        [ 4.2577e-06,  1.0458e-06,  9.9999e-01],
        [ 1.7232e-06,  3.1227e-06,  9.9999e-01],
        ...,
        [ 1.0000e+00,  3.3687e-07,  3.2221e-07],
        [ 1.0000e+00,  6.1736e-08, -1.3292e-07],
        [-6.5211e-10,  1.2336e-09,  1.0000e+00]], device='cuda:0',
       requires_grad=True)Parameter containing:
tensor([[ 1.0000e+00, -4.9339e-06, -1.2108e-06],
        [ 4.9688e-06,  1.4258e-06,  9.9999e-01],
        [ 1.7233e-06,  3.3517e-06,  9.9999e-01],
        ...,
        [ 1.0000e+00,  3.5968e-07,  3.4077e-07],
        [ 1.0000e+00,  6.8651e-08, -1.3907e-07],
        [-8.2125e-10,  1.6067e-09,  1.0000e+00]], device='cuda:0',
       requires_grad=True)Parameter containing:
tensor([[ 1.0000e+00, -5.1544e-06, -1.1760e-06],
        [ 5.5087e-06,  1.5577e-06,  9.9999e-01],
        [ 1.7407e-06,  3.5141e-06,  9.9999e-01],
        ...,
        [ 1.0000e+00,  3.7233e-07,  3.5128e-07],
        [ 1.0000e+00,  7.1731e-08, -1.4084e-07],
        [-9.4215e-10,  1.8981e-09,  1.0000e+00]], device='cuda:0',
       requires_grad=True)Parameter containing:
tensor([[ 1.0000e+00, -5.2462e-06, -1.1619e-06],
        [ 5.7949e-06,  1.6869e-06,  9.9999e-01],
        [ 1.7480e-06,  3.5819e-06,  9.9999e-01],
        ...,
        [ 1.0000e+00,  3.7911e-07,  3.5854e-07],
        [ 1.0000e+00,  7.2974e-08, -1.4156e-07],
        [-9.9256e-10,  2.0196e-09,  1.0000e+00]], device='cuda:0',
       requires_grad=True)Parameter containing:
tensor([[1., 0., 0.],
        [0., 0., 1.],
        [0., 0., 1.],
        ...,
        [1., 0., 0.],
        [1., 0., 0.],
        [0., 0., 1.]], device='cuda:0', requires_grad=True)Parameter containing:
tensor([[ 1.0000e+00, -3.3336e-06, -1.3813e-06],
        [-1.2101e-10,  2.2467e-10,  1.0000e+00],
        [-1.0648e-10,  2.4288e-10,  1.0000e+00],
        ...,
        [ 1.0000e+00,  3.9567e-08,  1.5690e-08],
        [ 1.0000e+00,  1.2461e-10, -2.4301e-10],
        [ 0.0000e+00,  0.0000e+00,  1.0000e+00]], device='cuda:0',
       requires_grad=True)Parameter containing:
tensor([[ 1.0000e+00, -8.6901e-06, -3.1267e-06],
        [-3.0665e-10,  5.9681e-10,  1.0000e+00],
        [-2.8501e-10,  6.7792e-10,  1.0000e+00],
        ...,
        [ 1.0000e+00,  1.0977e-07, -3.3873e-08],
        [ 1.0000e+00,  4.7328e-11, -3.4689e-10],
        [ 0.0000e+00,  0.0000e+00,  1.0000e+00]], device='cuda:0',
       requires_grad=True)Parameter containing:
tensor([[ 1.0000e+00, -1.3379e-05, -4.1975e-06],
        [ 2.1143e-06,  1.4652e-06,  1.0000e+00],
        [ 7.1835e-06, -1.8682e-06,  9.9999e-01],
        ...,
        [ 1.0000e+00,  1.6814e-07, -7.5102e-08],
        [ 1.0000e+00, -2.2692e-10, -3.6981e-10],
        [ 2.0807e-10, -6.2653e-11,  1.0000e+00]], device='cuda:0',
       requires_grad=True)Parameter containing:
tensor([[ 1.0000e+00, -1.6874e-05, -5.7557e-06],
        [-4.0177e-06,  5.9499e-06,  1.0000e+00],
        [ 1.2858e-05, -3.3442e-06,  9.9999e-01],
        ...,
        [ 1.0000e+00,  2.1407e-07, -1.0760e-07],
        [ 1.0000e+00, -6.2885e-10, -2.9219e-10],
        [ 5.5758e-10, -1.7665e-10,  1.0000e+00]], device='cuda:0',
       requires_grad=True)Parameter containing:
tensor([[ 1.0000e+00, -1.9167e-05, -7.6903e-06],
        [-4.5160e-06,  1.4190e-05,  9.9999e-01],
        [ 1.7069e-05, -4.4393e-06,  9.9999e-01],
        ...,
        [ 1.0000e+00,  2.5553e-07, -1.2326e-07],
        [ 1.0000e+00, -8.9401e-10, -3.5508e-10],
        [ 9.6711e-10, -3.0525e-10,  1.0000e+00]], device='cuda:0',
       requires_grad=True)Parameter containing:
tensor([[ 1.0000e+00, -2.0744e-05, -9.0203e-06],
        [-1.1419e-05,  2.1924e-05,  9.9999e-01],
        [ 1.7598e-05, -6.5921e-06,  9.9999e-01],
        ...,
        [ 1.0000e+00,  2.9071e-07, -1.2957e-07],
        [ 1.0000e+00, -1.0763e-09, -3.9832e-10],
        [ 1.2487e-09, -3.9366e-10,  1.0000e+00]], device='cuda:0',
       requires_grad=True)Parameter containing:
tensor([[ 1.0000e+00, -2.1724e-05, -9.8474e-06],
        [-1.5711e-05,  2.6733e-05,  9.9999e-01],
        [ 1.7579e-05, -8.2942e-06,  9.9999e-01],
        ...,
        [ 1.0000e+00,  3.1480e-07, -1.3209e-07],
        [ 1.0000e+00, -1.2690e-09, -3.8963e-10],
        [ 1.4238e-09, -4.4864e-10,  1.0000e+00]], device='cuda:0',
       requires_grad=True)Parameter containing:
tensor([[ 1.0000e+00, -2.2052e-05, -1.0207e-05],
        [-1.8016e-05,  2.9315e-05,  9.9999e-01],
        [ 1.6362e-05, -1.1565e-05,  9.9999e-01],
        ...,
        [ 1.0000e+00,  3.2835e-07, -1.3275e-07],
        [ 1.0000e+00, -1.4211e-09, -3.5934e-10],
        [ 1.5178e-09, -4.7816e-10,  1.0000e+00]], device='cuda:0',
       requires_grad=True)Parameter containing:
tensor([[ 1.0000e+00, -2.2189e-05, -1.0356e-05],
        [-1.9894e-05,  3.0558e-05,  9.9999e-01],
        [ 1.5854e-05, -1.2929e-05,  9.9999e-01],
        ...,
        [ 1.0000e+00,  3.3398e-07, -1.3302e-07],
        [ 1.0000e+00, -1.4744e-09, -3.6822e-10],
        [ 1.5570e-09, -4.9047e-10,  1.0000e+00]], device='cuda:0',
       requires_grad=True)Parameter containing:
tensor([[0., 0., 1.],
        [1., 0., 0.],
        [0., 0., 1.],
        ...,
        [0., 0., 1.],
        [0., 0., 1.],
        [0., 0., 1.]], device='cuda:0', requires_grad=True)